2 0.7297271947351897 0.15466282877846396 0.46257938947037935 0.26291013477414654
2 0.38593998920022676 0.10744385189630014 0.2562549784004536 0.19087967476702372
2 0.41230657095872497 0.25016541680803 0.19277283175849824 0.1504696106427114
2 0.6701835583448533 0.294424722185931 0.31363096878180663 0.1769048174153459
2 0.7050620445498552 0.4344214209147539 0.20749009618646852 0.17612437507068168
2 0.435793689377712 0.4021164785135443 0.17991073320977707 0.19564817954807445
2 0.4192212921876025 0.6333532469351477 0.08597719473518968 0.12468916829804708
2 0.34137903438305417 0.6703042909782034 0.07334821996293313 0.0595965737429592
2 0.709680111880383 0.5511608391845283 0.10892362141421189 0.10703044234466433
2 0.6008135433687288 0.535687936101869 0.12013393992586625 0.11795637023308553
2 0.4556101707733905 0.5330887036795097 0.11172123920022674 0.09467594555087994
2 0.5652455764010206 0.42895181910327174 0.05725199400955017 0.10046297277543985