2 0.2045216786282745 0.4285154814821321 0.07970677601845369 0.20559108608792082
2 0.1669745832670485 0.7365863472026617 0.13706474267981758 0.14791628322021197
2 0.7140983153246367 0.10874059732888787 0.12469201201463562 0.16412969066680208
2 0.7581472126432284 0.2726782629406331 0.12474655601527207 0.17117194418792886
2 0.5316665286441828 0.25815425413073334 0.09469542934436319 0.12370460846982419
2 0.5074915899506841 0.5547202054251766 0.09456816000954511 0.10727268358719495
2 0.5046200339354121 0.723706975252714 0.08688292934436319 0.12356803507229966
2 0.5773944626034575 0.7097188918872501 0.05541475334181776 0.09485272739769478
2 0.2748358206556369 0.12688676863214424 0.0909533586887262 0.24568839213083998
2 0.37432729065881853 0.09340998317507118 0.13390338001272672 0.14316681818045116
2 0.21332341927913884 0.6035756560068951 0.08404883068109026 0.16107209115929924