2 0.22691302643714248 0.16863763117454847 0.45382605287428496 0.2937928996950003
2 0.4866401681849565 0.23349564570784692 0.15093258341815136 0.24618662860909737
2 0.5849073612887655 0.24661193512677046 0.1365410417373482 0.20534342306201392
2 0.6693286497350803 0.28885268009277737 0.09201059939268413 0.09840243882958344
2 0.28284385324495387 0.3408750006655901 0.3574206635169965 0.16548475531833357
2 0.5351288908755784 0.42155803695038163 0.5030357420410063 0.16334298670097258
2 0.6353669709744235 0.5041146573913537 0.34964287985173237 0.13256315254479195
2 0.8503372065464532 0.5144131117041661 0.11725531735880045 0.14880248233256949
2 0.7205620638981309 0.5744440347661801 0.20436509618646853 0.09724128875333342
2 0.8026321568218384 0.6448279635277773 0.21982144875709556 0.11624586189159736
2 0.8587333346819871 0.7141039871791314 0.20659393272601723 0.10040265634451409
2 0.044391488693427336 0.577924325038125 0.08878297738685467 0.14102634992375015
2 0.15201708712905784 0.6023229533628818 0.15378308336160598 0.08386846656500016
2 0.2937928812003862 0.5975062071626039 0.1453769984251648 0.08216049620027785
2 0.42540663921592525 0.5874025489182289 0.12970239104521444 0.05846842306201392
2 0.5606778026763763 0.5881636554914926 0.15104498560030233 0.06976959897381949