2 0.35161759134309045 0.0934691997889539 0.45948518268618094 0.1869383995779078
2 0.6917249706794995 0.10572497167280807 0.25499767735518086 0.21144994334561615
2 0.6421982326941351 0.24496826445068276 0.19349655601527208 0.15745611348611976
2 0.386274949355499 0.20279610636109394 0.3124647320178173 0.18706314295721807
2 0.3318879887014529 0.32890640740790084 0.20777723201781734 0.1830016827655919
2 0.5965504727084526 0.38741182871559 0.17983404535327185 0.20274387753998085
2 0.579037350731997 0.6194195638259681 0.08701019867918128 0.12625070115232973
2 0.6483600627386785 0.6823773362374375 0.07396475867281786 0.06326575068168788
2 0.3102226213796797 0.44332704680260604 0.10873974801081765 0.11043269780928663
2 0.41824420671545226 0.4631026823266527 0.119768154678545 0.12127369613776497
2 0.5585424900540884 0.5097606322696794 0.11175566000954511 0.0980539354269471
2 0.4682345687062254 0.3705075710396698 0.05868520401018138 0.10224289592671892