2 0.7852373708222218 0.6975822591700899 0.13201502583555555 0.1383646944662433
2 0.7121830369503815 0.5832142230129048 0.20160017401194458 0.09942587419693752
2 0.6862758068020136 0.49986172719170896 0.1520729526972918 0.12456940564770326
2 0.652697627756076 0.6768046604195193 0.12576502583555574 0.13812221923092238
2 0.5424517651988886 0.588095415588157 0.14251872758291667 0.2928344551770612
2 0.3590768739563538 0.5236507294795218 0.31007120991548637 0.4096767155797335
2 0.14678081497013876 0.23501638171878497 0.2576696424768056 0.1807141991726627
2 0.11774858482177075 0.47984950470641935 0.2354971696435415 0.37147158370687566
2 0.546045624621944 0.8300651762989749 0.42434930262104176 0.24755645957533498
2 0.51953125 0.9458333333333333 0.3203125 0.10416666666666667
2 0.2059836690748606 0.8293805853783974 0.2755858007211807 0.3125703872609653