2 0.23000971843970053 0.666816926607678 0.06507585475263547 0.10588781714712217
2 0.270880116158523 0.573741939837568 0.15317803262324475 0.16160207143219113
2 0.3151474279077903 0.4677035514027297 0.14214237353571574 0.1988641775385424
2 0.41948475942872127 0.4594077634113888 0.2246312213682689 0.27077441994172224
2 0.6012440953982763 0.47349034175241295 0.2847755425090764 0.21108726603334282
2 0.6614255672236559 0.33508831066809497 0.19887253460041113 0.1716162225109537
2 0.5248805721665717 0.35860784147432206 0.12126218775644108 0.10460444356464547
2 0.738403266805914 0.08723585864619235 0.361181533611828 0.16772832364786827
2 0.7095500494291588 0.24773764245991556 0.281077539543327 0.19645798736512526
2 0.86640625 0.31493506493506496 0.2640625 0.32792207792207795
2 0.8546875 0.5673701298701299 0.2875 0.24512987012987014