2 0.3411730560096497 0.7044466958208138 0.13401253571381497 0.10858235373895762
2 0.4068077386392096 0.6395110104747821 0.14703073295387145 0.153518746790145
2 0.5006725612846555 0.4998304606291569 0.11816143912238175 0.22232051422815458
2 0.5748310357171103 0.6421463621935681 0.2018000535707225 0.16290752246385515
2 0.6084168774372796 0.5103624581722821 0.13685689204448098 0.21846342156194487
2 0.7273344728108969 0.5681333055093066 0.14069100405718976 0.279347052535022
2 0.7569982479714051 0.1696883346023352 0.17975350405718976 0.2810466453059633
2 0.8517186383943283 0.3584827639266062 0.20533415665497756 0.1980902188574932
2 0.8916459833609085 0.15217044775306507 0.14483303327818292 0.2328220317049181
2 0.9347339155867266 0.5455990911205294 0.10738758035608349 0.23586331984107622
2 0.8447713888013654 0.6188268233411008 0.11345457386326174 0.08667052811489039