2 0.6391124864633069 0.1371839209556019 0.45399260029514354 0.27065897540671974
2 0.39636009655002535 0.2525629603796051 0.13873591218092818 0.24273292154477702
2 0.30456918050894827 0.2857658249391815 0.12605930377784308 0.20206246974937897
2 0.2322922320833257 0.3448408430895541 0.08678987349671345 0.0956670240041051
2 0.6230758390132546 0.316062899878363 0.3532012688097376 0.14837490924813695
2 0.39620740563628243 0.4471396621750031 0.5012253665808958 0.1396453247427898
2 0.31853340228292576 0.5476072947867563 0.347227033602933 0.11554422852997774
2 0.111532326647912 0.6021897347764936 0.11043820002822213 0.1457579275949012
2 0.2531328757037944 0.6340624243734474 0.20134116792059115 0.08679199375348415
2 0.19087042443847058 0.7205311894987579 0.21709369806355627 0.10716812626704134
2 0.1393239577603711 0.8023579064194666 0.23071511536319456 0.08848175878059869
2 0.924070042771496 0.49475656820168623 0.10164377662273652 0.13790906615858275
2 0.8146476576625815 0.5442929598886257 0.15062049581727227 0.0771988251355733
2 0.6762544567399235 0.5686975413689108 0.14216705046671915 0.07559996369925485
2 0.5455670318612816 0.5861026891059745 0.1283360815054929 0.05210792154477702
2 0.413236870281906 0.6144407916634984 0.14985329519367452 0.0631363251355733