2 0.34163164086128506 0.5723796247404557 0.18579464247680572 0.19476966882215627
2 0.5128643291221875 0.08250188670823651 0.30385365824437505 0.15244336055965738
2 0.3433188145888891 0.37970417651710814 0.1658821859797918 0.22011717187099258
2 0.6799083183886112 0.22672525970120017 0.2933525693385418 0.18029043445151807
2 0.9041803133546182 0.1336911702766271 0.17205945079743046 0.21555302283799332
2 0.6253507177992711 0.43483148872373256 0.12325958130638917 0.2917858412702113
2 0.5000058788934378 0.46068031511564533 0.16315853590354196 0.3462038350476111
2 0.7393041150257295 0.42980679690888013 0.14193684612402785 0.287439188563737
2 0.8953125 0.375 0.20625 0.31542056074766356
2 0.8061779180280209 0.059575667204002675 0.35298083605604164 0.09723857951061693
2 0.45096570079743065 0.2204059096235812 0.17758209897381966 0.168932799038639