2 0.35863309397331694 0.5797276058875385 0.15105448165323568 0.2762486560797509
2 0.21035922043675 0.5428377683730008 0.16647949375348406 0.22539060136843214
2 0.1138625121002484 0.29509557509356166 0.2277250242004968 0.4004630554203533
2 0.24319094291660354 0.13520808340311496 0.10377950585373252 0.17181347441931477
2 0.31121371419023414 0.3197311876843194 0.19324198165323558 0.27771695508816224
2 0.4988233193800366 0.09527288498224276 0.2679783612399268 0.19054576996448552
2 0.45021258167667677 0.33124637928795375 0.13575673458010193 0.35981699116490146
2 0.5575301779876847 0.25392311948104807 0.16512607201231527 0.2790745376806856
2 0.6406148678792262 0.3818548336819307 0.1100113251355733 0.167358103002077
2 0.721538135833207 0.262231759370456 0.19435905405833437 0.16328535522450696
2 0.6815130995324618 0.12260037908842121 0.14947380093507653 0.24520075817684242
2 0.8982824430147993 0.20935768415041422 0.07692611436318444 0.09612263471827631