2 0.28640331542058584 0.048622280842551 0.12834279444618465 0.09086255357072245
2 0.3057874518595226 0.12782853977100475 0.09322469821316533 0.06068412986961631
2 0.3881391879402954 0.21965357548481973 0.15156537194522207 0.10212733603812651
2 0.43533938896634716 0.3422376874975285 0.13139542319629843 0.14401482710967278
2 0.692650619495775 0.04893552110002307 0.1338558491310553 0.08000687418757346
2 0.7957407642943981 0.15668556574229178 0.1712240423933511 0.12583757142762994
2 0.8243188983450694 0.2539969423654972 0.14726581081687906 0.08019778896022585
2 0.8796166393022838 0.3563776485340074 0.10407391749912759 0.12019549756436802
2 0.6549102482988743 0.3797491444768176 0.10290355873957252 0.06550799756436802
2 0.4810920246839603 0.442919525971287 0.11981054983290186 0.05012845941492117
2 0.5517963606538211 0.3626513733734993 0.09785864755852404 0.09823867694751698