2 0.5354128534994799 0.4375413157488824 0.17532992116215299 0.09086255357072233
2 0.5531852479084496 0.3584168774372796 0.21742087639259275 0.10223643019392785
2 0.569655558984086 0.2793060758951521 0.2453999705542825 0.08534893912238158
2 0.5564204040009262 0.20675892005095342 0.33406286252488443 0.0894012394466932
2 0.5508765237138312 0.13100494358990378 0.3657371510886575 0.10066602191409726
2 0.5007890531595487 0.05222892735455409 0.3609531063190974 0.10445785470910818
2 0.7408875940346066 0.05945545170757861 0.25708950291226884 0.11827053327818297
2 0.765751668723785 0.1631435133959759 0.17696646276527814 0.13305005357072242
2 0.827316527354167 0.2726997455390684 0.30402511556423634 0.1203239569792891
2 0.7262411059378477 0.353478187097082 0.16485264184351855 0.08919095941492108
2 0.7120718982690399 0.4247492151002593 0.17224085327974561 0.07833528003177222
2 0.8584799631120955 0.404458260149565 0.13590374525034754 0.08107845048646745