2 0.5769155041566351 0.20868206169035378 0.2665463054894186 0.22165114316498505
2 0.44494174162022276 0.3651758781365309 0.07868259263643722 0.1931686844289811
2 0.5116555316702351 0.5448821659038574 0.06871655925034226 0.1623053091557323
2 0.5191761781467383 0.730833805912571 0.07150659012915472 0.22547101188818952
2 0.6633938764182434 0.48161636078748205 0.06989862602253201 0.22305297270713417
2 0.68085782422753 0.6972631517703788 0.07270537727617317 0.20686101368606757
2 0.24833116607254446 0.4085929871535728 0.1422904515702103 0.17314941234758302
2 0.23266436513547237 0.6061712357081361 0.08672241316955062 0.2052588803342584
2 0.1534338547106311 0.5051698850309364 0.046432382290738164 0.1401350036116097
2 0.08368129585600018 0.5703827471527249 0.039301843890078424 0.17477377966894922
2 0.5347854916202228 0.3698673366546979 0.09432431301126591 0.11462692850470346