2 0.33864836006628457 0.534575796317232 0.19224704210278443 0.21306189798834047
2 0.5683978251350762 0.11485696014195923 0.30867065027015245 0.18647091133385701
2 0.36397076387981614 0.34921012954233294 0.174042679126093 0.23544729697455313
2 0.7156771076192138 0.3069019377319006 0.29833335099579195 0.21160071183282383
2 0.928125 0.2885514018691589 0.140625 0.23598130841121495
2 0.6365030175080132 0.4917891779940303 0.13505459019601868 0.3034193997624376
2 0.5097495445498552 0.47700277068367614 0.17698911905195908 0.3616155212736187
2 0.7503844682336526 0.5234054298355063 0.15375002649368774 0.3020620381594025
2 0.9 0.522196261682243 0.196875 0.338785046728972
2 0.84140625 0.16004672897196262 0.3140625 0.18925233644859812
2 0.48990329210278444 0.2286049040354852 0.18388890507947586 0.18928945909240882