2 0.3118752450519421 0.6315252343790345 0.13306856426490726 0.09459976099093512
2 0.38617656307777304 0.5864938371801679 0.14482441818411554 0.1367509871794321
2 0.49925087608903906 0.4757156457862945 0.11346676959604132 0.21123188805319373
2 0.550020102732074 0.6364616384767664 0.19955738229073816 0.13956319288827196
2 0.6031200221698307 0.5168609855121497 0.13208037727617317 0.2043856589824727
2 0.7099406720115462 0.6070377631479875 0.1348704081549858 0.2674833641923115
2 0.8035161419241567 0.21376678034517776 0.1727341210079672 0.2865011864247015
2 0.8647765876883792 0.43749493723288774 0.20184730799670092 0.17695996351867138
2 0.9346979457642227 0.2161296361766725 0.12429662100796719 0.28607980155521634
2 0.916221764252272 0.6437880845266052 0.10280205423577726 0.22515542821983692
2 0.8168977141731297 0.6902051949894328 0.11239235141192587 0.07573146242191077