2 0.47028047580635873 0.43182039655713733 0.17202538264374517 0.08786707694917481
2 0.47362501691361497 0.3521601784083028 0.21434790122586134 0.09811509618646852
2 0.48093159557895443 0.271636864705972 0.24206558147544543 0.08152779691210785
2 0.5137551846837288 0.20072416398033255 0.3307472504846055 0.08182046279135698
2 0.5403248894764283 0.12526037251052027 0.3627170817807992 0.09341272721932725
2 0.6156077625790831 0.04925469437629454 0.35345851782098925 0.09850938875258908
2 0.37418457920960985 0.050478660436953496 0.25424180763822163 0.10095732087390699
2 0.3189232535999797 0.1431522553574776 0.16926522801261507 0.129945449544513
2 0.2280035899676005 0.24883182568323042 0.2988105845024082 0.11548613466105592
2 0.3037464519492464 0.3362028509109739 0.16149034147013747 0.08608632213985139
2 0.299552312532483 0.40807785091097387 0.16868500103556244 0.07531251324684388
2 0.16047486125135166 0.37821179083684003 0.12970286406162898 0.07761905771188111