2 0.31800766283524906 0.03920960101621439 0.13409961685823754 0.07841920203242878
2 0.33237547892720304 0.10773697750096482 0.09578544061302682 0.06477320533113406
2 0.4109195402298851 0.20040419912943488 0.15517241379310345 0.10993259263643722
2 0.45306513409961685 0.3228414887837359 0.13793103448275862 0.15014841567683304
2 0.7231800766283525 0.037158878794177196 0.13793103448275862 0.07431775758835439
2 0.8208812260536399 0.13911238031218115 0.17624521072796934 0.13387019780928666
2 0.8457854406130269 0.2369588469260863 0.15134099616858238 0.08796666442319179
2 0.896551724137931 0.33966029810058523 0.10919540229885058 0.1260289540774929
2 0.6704980842911877 0.36143131268206163 0.1053639846743295 0.07125052586424747
2 0.4942528735632184 0.4242077604913483 0.12260536398467432 0.05603470282385157
2 0.5689655172413793 0.34430966033306365 0.10153256704980843 0.10397209765100204