2 0.5247011026814083 0.17149083624332562 0.2689510893539081 0.23128449799816234
2 0.41926071936663484 0.37406777628390436 0.08119655068427196 0.1953117727264563
2 0.508714665380316 0.526304778669426 0.07156701201463563 0.16243837010773074
2 0.5413646280633152 0.7067550615418132 0.07518290802036276 0.2255768563388947
2 0.6468408267027256 0.4083973224982777 0.07360222668681722 0.22321322069994837
2 0.6929629433879521 0.6136114054979716 0.07659995735199913 0.20691245459466376
2 0.2358129673774525 0.4900185839723343 0.14511360001590834 0.17773485261485
2 0.24830497139558805 0.6899752483982304 0.09066245735199914 0.20715713796200427
2 0.15793396272277013 0.6206549842055381 0.049528380012726726 0.14102971415313462
2 0.09925894406426977 0.7095751476825819 0.04355110001590836 0.17596769496183498
2 0.5065243620305441 0.345216418793878 0.09620338534372674 0.11614439079816401