2 0.8027974643738247 0.5592592565953791 0.05869852076024671 0.1035896375215988
2 0.7410415636892527 0.482734218847642 0.14348469764227262 0.15624682602749088
2 0.6727319154761385 0.39428513033465123 0.1310138725471326 0.19627615733146075
2 0.5681571620160975 0.4144064124994754 0.21012305239490825 0.2633081223536084
2 0.39399015015309935 0.47783792238011735 0.2763263725471326 0.20065483633822784
2 0.30176284087528993 0.3626340643716837 0.1890518656270503 0.1640847124658679
2 0.44127100984865064 0.34711685480335375 0.1147575197716634 0.10043024110830852
2 0.17117466304186169 0.12588887846887256 0.34234932608372337 0.20129667671921278
2 0.23428352220594037 0.2927463075282099 0.2726283695813831 0.1859975644021808
2 0.10997322479112906 0.4002611139554516 0.21994644958225812 0.31921887241272145
2 0.15233782038077961 0.6412610467536622 0.30467564076155923 0.2293399912022453