2 0.10292659255827138 0.07450778693159454 0.1839781851165428 0.14767980672416045
2 0.3011011977304145 0.11253368130510844 0.23345239546082902 0.20255014512373476
2 0.13090031433530303 0.22494148177276385 0.15467263103285878 0.1649926629527309
2 0.31196926506094247 0.266016205478493 0.21679068511654281 0.1496834574327034
2 0.4799280913771451 0.23670320849791582 0.13508930653075488 0.2784109941743581
2 0.2683581635169964 0.38751849318339315 0.32175100362819703 0.16973725949813254
2 0.34398813529402805 0.5408622521488747 0.2846875132468439 0.18930529647135125
2 0.372043702624556 0.6953943076457817 0.19853175843752044 0.1731286781051051
2 0.48857145979613215 0.43507687600741096 0.12961806733052797 0.16073383149953974
2 0.5873512109772585 0.30193438971496184 0.09035715988879929 0.22655913202744843
2 0.3545957969969259 0.8375965753960748 0.10111112141421189 0.13989073354639364