2 0.20489567741349876 0.6049359413936397 0.13376218775644108 0.14037914757884593
2 0.2895943295809455 0.5180230771094876 0.20280134783255316 0.10253250068384277
2 0.32480231771794743 0.44506042098770815 0.15362901878308027 0.12689937551288205
2 0.33740442988495667 0.6277340896315412 0.12751218775644108 0.14003959026580926
2 0.45677917098770815 0.5780630125716283 0.14628604547482613 0.29497026088680844
2 0.6454278355124445 0.5747929546243234 0.3152853962731289 0.4143851963489491
2 0.878125 0.36354166666666665 0.240625 0.18958333333333333
2 0.8828125 0.609375 0.23125 0.3770833333333333
2 0.42491104155767445 0.8113574460318153 0.42737953657757755 0.2540852293017219
2 0.4359375 0.9364583333333333 0.321875 0.12291666666666666
2 0.7609375 0.8791666666666667 0.28125 0.2375