2 0.9203125 0.23351648351648352 0.15625 0.2032967032967033
2 0.7385306007983028 0.19827309311553618 0.23803319368794007 0.24195407900301422
2 0.9012627055509382 0.38820663177704073 0.15863485376405215 0.18141192549141938
2 0.7195670365775774 0.3559905938718989 0.22081651878308045 0.17215334060838755
2 0.5550933596955513 0.25918379368866074 0.14405770060802237 0.2928179264441432
2 0.7570935528891999 0.49444232823018747 0.32445085475263546 0.20151953269424222
2 0.675679068212239 0.6161447145255772 0.28895902372599613 0.21817563658440317
2 0.6407403355124446 0.7576329054587417 0.20257585475263545 0.19278805893044007
2 0.5369256329272559 0.4512419537856829 0.1335075197716634 0.174126348455621
2 0.44560561315559244 0.28013803855599334 0.09747186068413445 0.23462655433049515
2 0.6504283533069417 0.9064323216957134 0.10487318380210837 0.15013337099364477