2 0.3484375 0.5396930777971707 0.140625 0.2678007769660431
2 0.215625 0.42410137826382055 0.159375 0.21487826373908556
2 0.15859375 0.16110595412665737 0.2484375 0.319220624976458
2 0.33046875 0.07746266699169654 0.0984375 0.1304511980818376
2 0.35625 0.26783673466911595 0.1828125 0.2649634399623981
2 0.584375 0.13173431906823588 0.2625 0.22403808585063242
2 0.48515625 0.35405286744873643 0.1203125 0.3533655868559947
2 0.6015625 0.33808961652296404 0.1546875 0.2684126303635819
2 0.6546875 0.5027842402615378 0.1046875 0.16109696470088916
2 0.75546875 0.43357105876944496 0.190625 0.14848092861004425
2 0.7484375 0.2627043844071241 0.1375 0.26766480954436783
2 0.9328125 0.47867038751961216 0.075 0.08971181625104856