2 0.7871456811827462 0.5244754896785669 0.08681334138279588 0.20923557280281302
2 0.7795137229486183 0.838552065996383 0.1404097028238514 0.15420246050278366
2 0.3346645050145649 0.07471256225780419 0.13067098997087018 0.13513250664497373
2 0.26732022915031745 0.20241989121187237 0.13148934389007838 0.1774854478214443
2 0.49136548291124116 0.25774584262284495 0.09933006175762475 0.12960520947188114
2 0.47231029137016056 0.5562202707360453 0.09744931301126591 0.11309355049557954
2 0.45111358979995037 0.72280678074387 0.09147209765100221 0.12704691459037268
2 0.3822415693459792 0.6868614857102096 0.05811402837152988 0.09794913491156662
2 0.7621242637900535 0.20130113368194497 0.09875105172849494 0.26128777387221896
2 0.6678801702956866 0.14350170083342434 0.1371937746106063 0.14941443666782755
2 0.7526222655059132 0.6930658395642978 0.09068248746358769 0.1670058438493652