1 0.616121084838541 0.5353868721090254 0.027708337748947896 0.044162110227029906
1 0.5873066040758348 0.5682596116592074 0.05676092068857237 0.08001512889878744
1 0.7272619706807234 0.6641428881285395 0.02625496515360979 0.04830453511563633
1 0.8461632489036915 0.5524920801505993 0.037247028855940556 0.05055756089539377
1 0.8042014381965856 0.5008201272543571 0.024201391832632167 0.029530293337575605
1 0.8145189232204613 0.7456723983661752 0.07323909255827132 0.05319845512412063
1 0.8740923306621898 0.6945344943772049 0.028834328130301047 0.027519685338423965
1 0.7307168420949353 0.7662383423509032 0.05879464664195542 0.03839694578824198
1 0.708204435834333 0.7117444116804186 0.03272321996293304 0.05673483556121184
1 0.6398636636018145 0.7263027734457523 0.10587303248413775 0.16615904890727176
1 0.5799430265785059 0.7045482525461165 0.029980165879248944 0.07126968533842397
1 0.6819544490811769 0.8425338178972673 0.04700397477225664 0.06528634489709048
1 0.6548388775742977 0.8806391325588432 0.05018353847458741 0.06741816178654503
1 0.6271851035276806 0.8385603556651465 0.041989092558271324 0.05271361956290879
1 0.516656831295162 0.8524641894228444 0.04673115626060209 0.05486967823042382
1 0.5800298505324557 0.8867671938786014 0.02888889183263199 0.029603018671757297
1 0.5508681401881695 0.8467475085401774 0.02598214664195524 0.03788786844896942
1 0.5576563096107977 0.5990368969870258 0.025709328130301044 0.027471201782302994
1 0.5142708973597456 0.6420960063122988 0.06898810217691817 0.06979239645660537
1 0.49615830362034785 0.6959596507532081 0.02841766587924912 0.07124544356036325
1 0.4362277429132419 0.6440089174092692 0.05012897477225664 0.06533482845321169
1 0.4506374724948218 0.7171195183004205 0.03557540145127867 0.04636665245066638
1 0.4768006684111378 0.7321028409717537 0.01984127404661713 0.04195756800339391
1 0.36423867022523637 0.7876248578399971 0.05558036660488845 0.09457422045406029
1 0.3380407579741843 0.8309506267239368 0.04146330290255769 0.0922727111181814
1 0.36293411976974943 0.9167187991724821 0.04598711179556503 0.0860954364523631
1 0.32845991604888514 0.9422150258327854 0.02323909255827141 0.052422718226181546
1 0.2616543619652011 0.9557559627095132 0.07329365626060227 0.05528178845745397
1 0.2951786461786193 0.7449036738276947 0.1071974303072194 0.0974575324633932
1 0.3013269532575281 0.681483216051331 0.05018353847458741 0.06741816178654503
1 0.2647669490811769 0.8360612631550889 0.026418656260602268 0.05455453511563633
1 0.27369800497895946 0.8788908053787252 0.03751984736759475 0.060974227562060196
1 0.308045723127794 0.8783824578293916 0.03434028366526398 0.05884241067260589
1 0.6083929195922642 0.6279376338849647 0.043551592558271325 0.052737861340969514