1 0.7264481715434025 0.44642857142857145 0.11639133225631966 0.2729591836734694
1 0.6434928140202082 0.2372448979591837 0.09694904160312508 0.11479591836734694
1 0.6550102358479511 0.36096938775510207 0.05556162860909737 0.17091836734693877
1 0.6041023524892013 0.31505102040816324 0.05276263050895835 0.08418367346938775
1 0.6255766557758331 0.3979591836734694 0.03902743882958344 0.10714285714285714
1 0.653300959062465 0.48086734693877553 0.03557513050895835 0.08418367346938775
1 0.6899813818401386 0.6479591836734694 0.08979115824437507 0.16071428571428573
1 0.6098756545415622 0.6772959183673469 0.10839568787965277 0.15051020408163265
1 0.5748109767298956 0.6160714285714286 0.10559799620027785 0.17346938775510204
1 0.5572617604492358 0.4770408163265306 0.10225479065319458 0.15816326530612246
1 0.5446903316876387 0.37244897959183676 0.04040810087368065 0.09438775510204081
1 0.5248330797877776 0.2857142857142857 0.048438806420763925 0.1096938775510204
1 0.5150365864372913 0.5892857142857143 0.038663762917777865 0.08163265306122448
1 0.5009026576756941 0.4846938775510204 0.028997822188333446 0.061224489795918366
1 0.4948728228539235 0.3048469387755102 0.027180749050069508 0.04336734693877551
1 0.5008494127096873 0.3788265306122449 0.03833645459715278 0.058673469387755105