1 0.29904765752654666 0.4225404909070546 0.07342263103285873 0.13440098693016064
1 0.23476690271722322 0.4143093651879715 0.037901793283910835 0.08473745147146951
1 0.1716121714063627 0.7554996465731196 0.03379464664195542 0.04262700262348298
1 0.21673369844820473 0.7465336522960087 0.057450401451278846 0.052380602628240666
1 0.2809598895551973 0.7524283294169609 0.04338790145127884 0.052135919260900394
1 0.561398868503805 0.6458719610106423 0.2815476442797028 0.28515875095924975
1 0.7445213925504222 0.6894336427182396 0.11001489546082902 0.1630636720464901
1 0.819367625127227 0.7150114171580024 0.036612111795565026 0.09639250742130809
1 0.8517262573412122 0.7284727744100672 0.05498016587924894 0.08036361172417976
1 0.9796875 0.7161214953271028 0.0375 0.07710280373831775
1 0.5784896208660578 0.40715999190947005 0.18805061542376222 0.22747994919598805
1 0.7401810890148923 0.40317790888598815 0.15107640507947587 0.18246212389274297
1 0.7952257091631599 0.14978116569604816 0.10371033175849824 0.16061847528509682
1 0.7279936022617363 0.5506460409763874 0.0809077488188736 0.12051823054545388