1 0.8604850655694076 0.6601452656403746 0.05829428903121965 0.126434705537924
1 0.9138555052645574 0.7216678976026071 0.028297716822512697 0.045584400587793415
1 0.8913492461893711 0.7611925249410004 0.039235216822513054 0.045966857884715766
1 0.8596861557320956 0.8573830009886271 0.056431807181592575 0.048915280048826275
1 0.8097543334251925 0.8767370110059459 0.040788626463433175 0.04367407680104325
1 0.781024824546398 0.7216171862416266 0.04557612041330881 0.06965958331528421
1 0.7541941589535494 0.6532971848145008 0.05488748789975162 0.05355547897287437
1 0.6864026709556018 0.7014485316184134 0.09405907220870695 0.08309041197496103
1 0.7024953035673551 0.6198889301800721 0.06585225897699054 0.06098018979092348
1 0.603135653001621 0.5869733877049027 0.1317681504675381 0.13839230446447578
1 0.5090947615110732 0.5151342222150751 0.07068520472226432 0.09870278550704237