1 0.7712674353221642 0.8696120176955003 0.10190469269935676 0.21721509610426892
1 0.6623606675276671 0.7191710246683504 0.046042011862997965 0.09896429244806022
1 0.6061358893530466 0.48679023591095316 0.11965987847863176 0.37383303495950176
1 0.5234414530794803 0.32289399955061693 0.07598417984777565 0.11120311915916732
1 0.48431262749004844 0.3840323792973873 0.053536176882026255 0.08591452132223398
1 0.5857345005314727 0.7126501795509115 0.08567751482874755 0.12511328628129414
1 0.46553474707143155 0.6784407100341198 0.16038835475263546 0.18255296458024625
1 0.48467206623507264 0.5639443616344941 0.086476010874415 0.09293343958301033
1 0.39415585969555134 0.234530000084383 0.17840352570316256 0.21835959713568615
1 0.3646500904181794 0.07598134157380364 0.0964876808363588 0.12028446692019074
1 0.4280414283649009 0.1167444628897731 0.0424713428896375 0.07999065251129411
1 0.38140780338349145 0.45406060270604176 0.156175698630856 0.2682615986852083
1 0.261668306349241 0.4722313791190371 0.1014590237259961 0.1983978918031935
1 0.28763524015134934 0.6131504837143555 0.20468218281352524 0.14181052860959287
1 0.27843133650102775 0.7187466457794391 0.16849001482874765 0.12925883062710378
1 0.2576850963868595 0.7982576487110025 0.10659750988583169 0.0858857550859691
1 0.2532641932308296 0.9081207222941386 0.06899935079830274 0.1457582666290799