1 0.4397894228905123 0.5758536413257043 0.03478617688202625 0.07484277396067607
1 0.41251465707318163 0.6877846037617371 0.0975700197716634 0.14645105228656813
1 0.03580096536240785 0.8474281340941994 0.045596342889637355 0.0707023149664362
1 0.5449942346397798 0.7360999947795305 0.04495967292769336 0.047117409306058844
1 0.6640744984799442 0.643179233758623 0.028952670950527094 0.03214286285578176
1 0.6406860780237087 0.6691076508396835 0.02582767095052709 0.03197814224497163
1 0.6098525720922096 0.7099956352256664 0.03708350593149916 0.04434711721299564
1 0.5139179895826956 0.6990342500281607 0.03102450692008212 0.051093147689488846
1 0.47087098513407133 0.7286501444237332 0.0354573389353046 0.04190626634155297
1 0.4656674678710468 0.25482564242100897 0.04084517589344294 0.06809674348418326
1 0.16631347771969754 0.7657382829109997 0.029780341901054184 0.06280324021427233
1 0.09176180528629567 0.8031409334626219 0.02758117193911027 0.03913597424848977