1 0.4243723031636854 0.42400065811373056 0.024146612012708957 0.06144258404233871
1 0.4387893591700397 0.45476292215415726 0.03670115909060954 0.06635593715912899
1 0.44375927718910296 0.5463805046275674 0.036428423701106286 0.042881758755373124
1 0.4289252098186628 0.6141824752034105 0.03538412094116268 0.08745538304300438
1 0.44817977028924416 0.6579374814044174 0.04731137662320535 0.03837812583115629
1 0.5255604764577544 0.7296984359114249 0.07401024431795715 0.05057956458461722
1 0.5469172792176978 0.6854799024573573 0.03829093262956 0.06873066967900948
1 0.7204929212621789 0.9020858833373215 0.08335797077900686 0.04839603482127133
1 0.7197648494308071 0.2343684238082391 0.07063187418757337 0.1631736768841308
1 0.7756739301939278 0.20600902926572046 0.060847771103318495 0.12779852120146765
1 0.7783819188298422 0.304627893241 0.10001936525911966 0.13787105955059242
1 0.8054450251605081 0.4154072239504833 0.05785913879807012 0.1394809810443357
1 0.7362546943973873 0.4435344437172104 0.09590460957707699 0.1870848901599649
1 0.552704034495999 0.17512138227195384 0.030832988635914306 0.09911052820636759
1 0.5346825117678276 0.37194939002993954 0.02759889448011297 0.08966622748585557
1 0.4597269707757115 0.7778333366803544 0.0912795649348082 0.05792227958029781
1 0.5327105032431156 0.8072724833618389 0.05591480925276535 0.1065898165995727
1 0.48290141801576797 0.8228303385003114 0.06151024431795715 0.050361047148577975
1 0.39555537661991014 0.7673237634591513 0.03648297077900686 0.047576594436124435
1 0.3599257938281945 0.6587416198527666 0.014471603084255057 0.03545709972117782
1 0.3619655807598255 0.6998487467388443 0.025300008928453722 0.02625863111620968
1 0.7576093173671449 0.6680406236271377 0.032013659090609534 0.06627399312061427
1 0.778693384737585 0.6003479117693141 0.02102161201270878 0.061387954683328895
1 0.7846803319776414 0.6450444521147175 0.028997753246410872 0.07560903512310681
1 0.8161252008902091 0.5951349194764926 0.03530230032431163 0.08041312952187761
1 0.8317541550301245 0.5285203151605898 0.030151150162155815 0.04042508219697805
1 0.8416064419617554 0.5697640154441919 0.025600017856907444 0.05208022736034113
1 0.8630723388775003 0.5349351533516267 0.03985343262956 0.06875798435851439