1 0.3811383502780017 0.4594810984877461 0.23461808057737182 0.2859770741119421
1 0.26128466334736034 0.6445800917548284 0.10201885698624161 0.08992901059522353
1 0.31589526307720794 0.8131015352400307 0.06668155771188111 0.11437917194527544
1 0.2556819601746502 0.9179173870137588 0.034176592558271414 0.059553225293146626
1 0.3444344361280331 0.9615194259029072 0.060248019237293705 0.039449672470820395
1 0.346847651914615 0.7244786560821386 0.04655259618646852 0.18838418685887862
1 0.385910151914615 0.7231191199632394 0.048948420688572546 0.09041649007165116
1 0.4387921044543529 0.6313984519806329 0.06237600362819702 0.1305711677979232
1 0.4451611886599219 0.22496515879537848 0.12744049763774717 0.24255950970031168
1 0.5465823010036411 0.4280429214865517 0.14166668874473984 0.25005828849750805
1 0.5386557283156356 0.26606760475212804 0.06377481252120454 0.12361620344828668
1 0.6354116772271764 0.30122016632403864 0.08732143992586608 0.12910482231588796
1 0.6426463130693587 0.15856084822616742 0.027762901451278844 0.05232635371973004
1 0.645473668789656 0.43860839133333257 0.09131945916315995 0.1665967627754933
1 0.7047866706037546 0.37234394142876337 0.06621033175849825 0.16105376246313613
1 0.7363516399337154 0.49147465244787036 0.09148315027015244 0.17360610856988581
1 0.6927727655242786 0.552522390708618 0.028363102176918176 0.07802728829916936
1 0.546341709626496 0.6054770613326057 0.06404763103285874 0.135298446438941
1 0.6039805948357061 0.6443256076215464 0.041572430307219396 0.10883617163291803
1 0.6854662078123975 0.6648350677531663 0.06402778366526399 0.06759581853790249
1 0.7594319866683381 0.6062315642168734 0.0853224303072194 0.11035885208608523
1 0.7310763189749905 0.7507932561180157 0.07452877404661713 0.049284899866147626
1 0.632527202370102 0.859277901886396 0.0897916754978958 0.10117620202782973