1 0.4991863430986555 0.23644419465881222 0.04029003087881229 0.05874454598720954
1 0.5880131623781277 0.20753745293110848 0.06836956677218975 0.057735534352237716
1 0.47937629678043703 0.32295821123665736 0.02581835391920819 0.03912193316062771
1 0.4712993723281153 0.37196443290418557 0.030778638558944315 0.0520187363062114
1 0.5225352633943421 0.34877448922250814 0.038574418184115444 0.12429921959636839
1 0.5725950993668618 0.3076377172108275 0.06542642319868044 0.0660868181308881
1 0.5403843414493029 0.4263937416526322 0.09708560015828453 0.08638753966641831
1 0.5021341836900287 0.4628308786817093 0.057477530878812286 0.05942265469615805
1 0.5264258268678266 0.6767327960071066 0.08411423871722903 0.13668018107712473
1 0.5900109537482885 0.6964510626219811 0.026363923198680438 0.06454566197418703
1 0.4513205267886843 0.7209745520268723 0.07763691818411544 0.12584037575306933
1 0.4904081073509275 0.8273917739583964 0.1039266335443795 0.11417649753284649
1 0.5565512475592246 0.5824028245912307 0.029898100158284535 0.08373675107689246
1 0.4550545952102267 0.4742141643748353 0.02581835391920819 0.03912193316062771
1 0.5907861920698059 0.769451813591562 0.03698317445232178 0.05014667722348715
1 0.6249699416075876 0.3404993719563582 0.03050585391920819 0.039306871899431745