1 0.7441717416342241 0.6080855756429715 0.11449753460041112 0.2719540633329932
1 0.7013409599995625 0.3617922884711461 0.0964876808363588 0.11325641709523826
1 0.6911475593149905 0.48501208516496686 0.05426568874502422 0.17281838843718836
1 0.6502705499234503 0.4108236120555564 0.052037343878220454 0.08353267415147407
1 0.6564688117864483 0.5028087858971096 0.038547846843970036 0.10595747689331066
1 0.6689489071475437 0.5963069725790259 0.03491351087441501 0.08543056230986402
1 0.6749680968811511 0.7749377768095247 0.08832235376405215 0.16136955089591862
1 0.5940855114058875 0.7552982977143431 0.10831651878308043 0.1493863324230161
1 0.5710499180219586 0.6766906038679145 0.10420202174882984 0.17216738911927468
1 0.5776726497331699 0.5354949129988104 0.1006950197716634 0.15674251535215442
1 0.5836242193911026 0.4299541321849214 0.03985567885919252 0.09581277091972792
1 0.5797378740300074 0.33678251162789197 0.04798651384016459 0.10886475125589574
1 0.5180230771094877 0.6160577377308396 0.037974843878220456 0.08299829321984127
1 0.5223803132693232 0.5091820710537989 0.02809050790866543 0.062233876000113486
1 0.5477384575281045 0.3368408208210325 0.027581171939110406 0.04182571273480736
1 0.5409592169196447 0.4092183363287989 0.038900673916276676 0.05754746479727895