1 0.459960364875608 0.5279084711300974 0.03294147477225664 0.0733876334816489
1 0.4193105722246694 0.6285216558466099 0.09373513103285873 0.13522979747414032
1 0.03327386850380506 0.6613988088612596 0.03751984736759482 0.06871181623974512
1 0.5433408384667382 0.7206117720606323 0.04316964664195542 0.042823305200225786
1 0.6718552188666248 0.6687653572627329 0.027271828130301046 0.0308936394027977
1 0.6456746647829408 0.6855080532693042 0.02409226442797028 0.02850770624331208
1 0.6096379610620766 0.7153116358177888 0.035302582939624474 0.040396208150568484
1 0.5172495644201212 0.6736615014874606 0.029270837748947898 0.04977528522782366
1 0.47148319663410615 0.6882172231370436 0.0336855192372937 0.038023996287806935
1 0.5240153972749276 0.22303886911028972 0.037410719962933214 0.06399483510766978
1 0.1675843811176768 0.6236553129210527 0.026364092558271414 0.05918180489852645
1 0.09051344962933108 0.636126969939077 0.02581845553496285 0.03559689923814909