1 0.5335115424718955 0.28098910004297933 0.039155341901054186 0.05650767276709223
1 0.4547299678710468 0.22205574726572155 0.06715300790866544 0.0531437464913476
1 0.5323681951336339 0.3714641537841614 0.026082338935304605 0.036962561986572044
1 0.5285601042211627 0.42032604125749473 0.02965300790866543 0.05195522266042552
1 0.48361236015266185 0.38056727504156085 0.034879018783080265 0.12226703227044922
1 0.44542395205371604 0.32398531953503595 0.06428267589344294 0.06155534113664311
1 0.44794943277634414 0.44865149194657267 0.09604201186299814 0.07956705425815616
1 0.47620442536197033 0.4974647470715845 0.056279174904859806 0.054924753281796766
1 0.4015652282139891 0.692094297353192 0.08200868676785796 0.1322633253569741
1 0.3351589782139891 0.6899896197359342 0.02528384288963732 0.06244495505390074
1 0.46362221783386576 0.7611459688267619 0.07387785178688588 0.12137741835319135
1 0.3999788704956041 0.8496401495164071 0.10155718281352515 0.10737519420510648
1 0.39515074353702834 0.5928609961826955 0.02748301285158128 0.08377107262486992
1 0.5191904214076376 0.5243832731012772 0.026082338935304605 0.036962561986572044
1 0.3166517173395742 0.7596824065173526 0.03577567391627658 0.04789799081664312
1 0.3871657830803553 0.3370466289836411 0.030833505931498983 0.039238787039905576