1 0.05112610129259434 0.15458152862576882 0.08662720258518868 0.30916305725153764
1 0.04596505190061666 0.4451614269934369 0.07868736859279989 0.3085407823767625
1 0.10795039874458671 0.557868843923305 0.08507001977166348 0.17561329549309915
1 0.11364068874502423 0.1880095509004089 0.08040637749004845 0.3760191018008178
1 0.22303422927693442 0.5263798185187899 0.145556533611828 0.2986021263771748
1 0.19910859243252682 0.7853670191447649 0.08950285178688593 0.16454727932399457
1 0.2728790148659287 0.8304698152204288 0.06998884783255317 0.12926588945495804
1 0.3824901423187961 0.48496112853894857 0.10691052768032883 0.2450848011845556
1 0.4881061309500896 0.38010450042835037 0.0383568458553869 0.1102363002792902
1 0.5659220662350727 0.5359035443179583 0.08127385771838505 0.21508840257129433
1 0.6258554817483923 0.5221409033366166 0.053501684790691506 0.15942461540834074
1 0.34896135380123333 0.8740033466533724 0.08909167490485981 0.07657830423732358