1 0.08515625 0.6167026090958629 0.071875 0.07958357762964617
1 0.1546875 0.737557529691002 0.10625 0.07138834195529896
1 0.13828125 0.6599155770659937 0.0375 0.055823926085948265
1 0.190625 0.6730260102351484 0.0609375 0.06228342876184606
1 0.2859375 0.674482624375279 0.121875 0.0963713688018876
1 0.28125 0.7532659118100242 0.1015625 0.04114907299906681
1 0.440625 0.6855363946677848 0.2109375 0.22542875716578883
1 0.58203125 0.717741810185803 0.0890625 0.15161377934134462
1 0.659375 0.730787492324537 0.0703125 0.08516798171190455
1 0.72109375 0.7620832303234494 0.046875 0.03547539632923963
1 0.878125 0.7290461087782818 0.0515625 0.024361281826825155
1 0.21640625 0.5282517639305159 0.1296875 0.08912604011991898
1 0.353125 0.5179998653795199 0.15625 0.17464229854107444
1 0.48359375 0.5225667861650765 0.1109375 0.12982309963333583
1 0.6125 0.5308384117847712 0.1625 0.10907159950527377
1 0.73515625 0.5464100597485371 0.0953125 0.05408819308749906
1 0.5328125 0.42654527561904876 0.04375 0.06544119697495951
1 0.61328125 0.4584973375631908 0.0390625 0.07091621373301298
1 0.9296875 0.5701367139133778 0.0296875 0.044272262286713875