1 0.49375 0.9261501210653753 0.14375 0.14285714285714285
1 0.6355341904451041 0.3215497702345538 0.06697190729444458 0.19717131125705006
1 0.7110446431423958 0.1875092766900311 0.05766833605604162 0.09747493390242841
1 0.5635858020523609 0.37460329320822316 0.08946384992375016 0.13548562491897795
1 0.4760130668699998 0.3747108886282283 0.047312717514930644 0.13562397655026803
1 0.4653132626334374 0.2541797357082913 0.05330814437666671 0.11901303969304525
1 0.3944721261405554 0.3896845447697032 0.1038185970739585 0.25964873909799485
1 0.31165962614055537 0.3852031869414644 0.06617182028847228 0.14390254612387815
1 0.2132948613229165 0.3750336748882438 0.12274912860909737 0.16873825484470836
1 0.18758895934680547 0.1603943668117369 0.16682774335048628 0.29692920103424153
1 0.08117530518649296 0.16554058394142493 0.05319904160312507 0.11174911717488545