1 0.8129625665513662 0.30466999725433574 0.09597609621281222 0.173453768057661
1 0.7427546056807819 0.27589838619632684 0.0551511083130606 0.12086868213697337
1 0.8812262323406067 0.4317613856778523 0.034729524004104916 0.09223421880192216
1 0.9231637474659173 0.4972679120316272 0.023828385440423715 0.10131575169537058
1 0.8590921571068376 0.49793381914624796 0.028434072208706952 0.08036110343959697
1 0.7596006963344492 0.5655956537529416 0.04549430718159222 0.04802388028786485
1 0.6757711178792262 0.4228729991718556 0.09883747579950324 0.10561983393554504
1 0.6440171238311544 0.35060642111324086 0.0831761143631848 0.09584336871474365
1 0.5855506388582692 0.3162865969099431 0.07368293969514958 0.06515313361036593
1 0.5487273497288536 0.34225803947244166 0.0866738190854491 0.19194386082213574
1 0.4750358405554714 0.20448493506005214 0.09425906010845857 0.13360024331544043
1 0.4917051900879331 0.3384240585125355 0.0600113251355733 0.16548780437300303
1 0.5685444251590143 0.4704241187325513 0.030032933645025395 0.0897696633106233
1 0.6012842022863774 0.49001792754635126 0.05021816861791084 0.057514196903285617