1 0.17289762501859052 0.21377542040786957 0.09438135277546911 0.10183428515564322
1 0.98046875 0.46245733788395904 0.0359375 0.040955631399317405
1 0.9796875 0.4931740614334471 0.0375 0.030716723549488054
1 0.8786024328507063 0.5044371511808933 0.07908000494291585 0.026590106951286944
1 0.9114348374896111 0.4417036849640768 0.07260451186299832 0.06232700069301855
1 0.8335790929268183 0.47086344725108836 0.050220175893442943 0.04839712910843279
1 0.503729766843095 0.5126157396323955 0.06584517589344294 0.04859569657377562
1 0.5019099402650801 0.5476383882790476 0.06182883794672147 0.024665198097771898
1 0.3341918355496256 0.8707410267584755 0.09919618676785795 0.10530682467852251
1 0.49127482368662745 0.8072821915130035 0.1263661818249421 0.08006697649156604
1 0.49586150600586115 0.888320355244285 0.021967841901054184 0.04462673838753963
1 0.35273761121560715 0.5717289362876349 0.038837006920082205 0.03631273939122533
1 0.2731920326604258 0.5974955860379043 0.05669035178688588 0.09623826931390585