1 0.6686631429289404 0.5486924059060739 0.027073420688572547 0.08965514984506756
1 0.5956894343987527 0.5313885207254925 0.05103671034428636 0.046132729596677184
1 0.5985068995523622 0.47759582152372715 0.02329365626060227 0.06150900377798547
1 0.5858407192451429 0.5854259364286597 0.04344246515360979 0.05520661676542068
1 0.5431348640729998 0.609090497119314 0.04237103847458741 0.07618027270384212
1 0.5045262318590147 0.6244415341046203 0.04097222958157989 0.08313523705347878
1 0.5302727655242785 0.5581780609632392 0.025709328130301044 0.031243934891796537
1 0.5048188977382637 0.5450566632129277 0.021785719962933214 0.06379107093136031
1 0.5036209854872118 0.496072814819314 0.03357639183263199 0.03385229071370711
1 0.46344985327322663 0.5114782332493764 0.04144345553496294 0.03646064653561795
1 0.46397564292894033 0.5558163751691064 0.03110615626060227 0.06178091100176547
1 0.4424800996450295 0.6406082927612662 0.0754563569862416 0.08900452603437192
1 0.42603913331029347 0.5758131186282964 0.05109127404661713 0.048469178194808026
1 0.39458080218476743 0.5523952279654201 0.029761911069925696 0.0710723239495327
1 0.37093497105924145 0.5287054300787638 0.027435519237293704 0.03830766213094506
1 0.36319439292894035 0.5593239783558666 0.014771828130301135 0.03086326477850467
1 0.38126234664980463 0.5878770084954305 0.02749008293962456 0.04064411072907577
1 0.34416165073348864 0.6055101126341117 0.04144345553496285 0.03646064653561782
1 0.3781993448357061 0.6521837263887846 0.04711310217691826 0.07867986563624083
1 0.3396452763240518 0.6651983147759601 0.043933538474587405 0.07623465414859826
1 0.28566710445435295 0.6367278335667182 0.04409722958157998 0.08324399994299077
1 0.24878466334736035 0.6450151433128761 0.03935516587924912 0.08074440701059206
1 0.21709071924514292 0.5982599573910693 0.029270837748947988 0.05004428656635513
1 0.20861353113337522 0.6604205617429384 0.03110615626060227 0.06178091100176521
1 0.1710044037287135 0.6663986136133435 0.03924603847458741 0.07607150981433039
1 0.14952127332882692 0.6169534997024919 0.032668656260602266 0.061835292446521334
1 0.1356298989193901 0.6769679905128763 0.03272321996293313 0.06417174104465218
1 0.11769835445435292 0.6425738388779852 0.03757441106992569 0.07134423117331257
1 0.18312494701262433 0.5819329846897193 0.03195932813030113 0.0314614606708204