1 0.5638055082896194 0.5688408955281452 0.15119992739850954 0.235241386930013
1 0.6486713876799188 0.6658238615401519 0.08161361436318479 0.07244859593089507
1 0.5943838634794218 0.740835386865897 0.05505111436318479 0.07158533331299836
1 0.628754318299882 0.7410799499047231 0.02521816861791084 0.04269729921782946
1 0.545165113479422 0.7392358120150885 0.048792024004105095 0.06963701199894244
1 0.5114577339909268 0.7163290299782159 0.03771816861791066 0.04310354044978094
1 0.5567373759724539 0.41156971208494436 0.32289312021691713 0.20592318990773878
1 0.5428288911959601 0.2907192326084569 0.23977154800821018 0.14389501801133142
1 0.6399942618056608 0.19965215453674173 0.1429238190854491 0.1459822505579493
1 0.6036204245698392 0.1147145774870282 0.10828519867214012 0.09425426692575495
1 0.46508971057599685 0.21228938461926566 0.050345433645025396 0.06794259145485602