1 0.6976204346753633 0.06811680014950951 0.16219201201463562 0.10874880698520062
1 0.7347033586887262 0.1667633784083407 0.1218033693507266 0.12882495764913057
1 0.6510096113542263 0.15768329419758115 0.0746556493475449 0.10511474687674208
1 0.541870968690317 0.17735946906200792 0.07592724801081766 0.08012383723582164
1 0.6610396867043165 0.2811707911725191 0.2195874360279987 0.2075135599120669
1 0.5572527100572702 0.42508844193464485 0.30766923870145285 0.25802262002052545
1 0.7171726027211793 0.40570770374030574 0.07100339067472702 0.05978406615858276
1 0.5189885467059072 0.29206231849627384 0.09763861600890866 0.06618860226293632
1 0.5168560714114964 0.5787492522394952 0.13397610534690846 0.10077268052176755
1 0.5617242234245412 0.6750975322937245 0.07948860001590834 0.11764201795398073
1 0.5782582901018134 0.7533134358845206 0.04745680267345413 0.050272710772388506