1 0.9234132114597596 0.5305482187242652 0.07539088544042372 0.08429471119925266
1 0.8790087056060271 0.6645524044869653 0.1097386143631848 0.08008387521589105
1 0.8801762958669108 0.5843966693638443 0.040897710772388504 0.05831686793733104
1 0.8308302808397963 0.6087362840072593 0.06437157220870696 0.06685236141351249
1 0.7377388109922214 0.6302876315831857 0.12705337939029954 0.10722374024307839
1 0.7584644014494969 0.707592217221183 0.10178066861791084 0.049565754748987875
1 0.5890558712970717 0.6749716445988159 0.22143061416679294 0.24136571414780458
1 0.4566973683702054 0.7373286162553202 0.09762040944452863 0.15880205228016656
1 0.3838820370863122 0.7672836808187801 0.07541815651766245 0.08995508855774323
1 0.3297530732888615 0.8112369514839399 0.048619307181592394 0.039778384630649526
1 0.16877921185254302 0.8119976321298833 0.05168976502711464 0.02858940640231629
1 0.7775739915139889 0.47155747920072094 0.13326701795398072 0.09994012340905384
1 0.6415092264868741 0.49224029628415106 0.16493517447164335 0.18805034112572358
1 0.5155507144848217 0.5237287454462536 0.11783291549465283 0.13890388247524726
1 0.3911319765850701 0.5600000639847555 0.1661795119038567 0.12207849352099093
1 0.27293596760807964 0.6021953128590443 0.09715680113146821 0.06257563718582715
1 0.4479683047457055 0.44067392757287427 0.04720225292686635 0.06990117563160839
1 0.37584331987101594 0.489529860786798 0.042532933645025486 0.0734770958042967
1 0.08820644360397456 0.6680054056891834 0.03146816861791084 0.04660078375440559