1 0.7231231497919095 0.5228676110711608 0.10806837955902786 0.14093638679830006
1 0.7360238465052775 0.43454674887899325 0.05414329255305557 0.0786649147106256
1 0.6952332327138191 0.6215132957923507 0.1295797036472223 0.11450429285561657
1 0.6566240211828122 0.7033203826761394 0.10308993882958344 0.11888768249483929
1 0.668777875856215 0.7885603818455991 0.10574216014423606 0.08349574401590797
1 0.5812778758562149 0.7849991401299947 0.07899782218833344 0.0687534505950214
1 0.503934125856215 0.7818512568278089 0.08219555737069442 0.07434511867346712
1 0.5824052711828122 0.7002996865780822 0.05410692496187508 0.07593267427346713
1 0.5442168997919096 0.5155861436347913 0.08764677678548623 0.131912948659988
1 0.5162542475314581 0.6196963092302983 0.13753767401194458 0.1257512226145721
1 0.5167984549784025 0.6962626350727998 0.07743532218833345 0.06868985699295685