1 0.9377774319303214 0.9171656607895499 0.0491829346753633 0.11375788045342446
1 0.906545613263867 0.9140818027889445 0.0347568080044546 0.058364619491273584
1 0.8625 0.9337016574585635 0.078125 0.1270718232044199
1 0.8812643499363666 0.8378497746345779 0.04126134667409076 0.09710293805272055
1 0.8337626412715029 0.8138789353825499 0.03499316534054522 0.09427622170121833
1 0.819954132598685 0.8938528261190329 0.041170440006363405 0.08329078335658796
1 0.80625 0.9613259668508287 0.05 0.0718232044198895
1 0.6486262146324107 0.45283435091482976 0.08076019867918127 0.16380306442088047
1 0.21954614727882066 0.7122509905466079 0.11622498400699968 0.09234950112157657
1 0.18025692795195675 0.6275870273969413 0.08030566534054513 0.09474229094021748
1 0.1253245272915474 0.5455247816558116 0.057213610677908554 0.14698740848948716
1 0.258283025302365 0.40599883308958434 0.0382454346753633 0.11364538098194182
1 0.31451648599618204 0.052962134549468236 0.07096702800763595 0.10017072470025687