1 0.9479210771096728 0.11081653506049892 0.06862508928453721 0.22163307012099784
1 0.6152467191541537 0.32069519384269857 0.03185001785690744 0.051500987700424855
1 0.6422592325468344 0.3563775935749898 0.03492047077900686 0.04717027382938378
1 0.6151063973194868 0.3737885876097013 0.020694329545304768 0.032798441102341626
1 0.6466836797868908 0.39903703557519066 0.03656479139585791 0.054034262266323865
1 0.6195853916374439 0.4209627022961324 0.027217064934808022 0.055739722163871214
1 0.5427950206962813 0.3419022588692112 0.047638659090609534 0.0659647998350616
1 0.552166066556366 0.40573045790622186 0.022720479707460585 0.07126513834289332
1 0.46099559577735916 0.3659185366844066 0.1126011858759707 0.14422805486923965
1 0.49444506980277686 0.48141444867070365 0.06887845941492117 0.1439099677997057
1 0.39247346671852174 0.4535330650176262 0.060684129869616396 0.11184736195812103
1 0.3467030450460105 0.5477145691416269 0.10173759821299111 0.2789324001953903
1 0.2870416728870319 0.5275077550275131 0.06393758928453738 0.2518941946388533
1 0.24546782751341462 0.5807812667526577 0.07602848620028232 0.2187699847528834
1 0.20245816720498908 0.5799246959468367 0.04187958279171564 0.10622893638075548