1 0.837628827669656 0.5990674199864308 0.11206470452587283 0.26263726876028054
1 0.7021362343837102 0.5167405596892816 0.23693743949875792 0.2383201068000332
1 0.7507232044276767 0.37385838550076744 0.07080337939029935 0.11522784639736088
1 0.5853163730455876 0.4174327917647619 0.16332722267624522 0.19588768945167842
1 0.4791709121750031 0.4372690460976388 0.08661018657189175 0.15750070115232997
1 0.42762659289316235 0.4394352920729075 0.058267017953980905 0.10640956259338559
1 0.30451582493918156 0.33051004891306685 0.050272710772388506 0.06443980188256772
1 0.3576993913923519 0.16697639781771018 0.12412836729005097 0.16312221923092238
1 0.24007152985783758 0.24052467775102696 0.1414431323171656 0.19295569279472174
1 0.5146685715213359 0.6958943265585708 0.08985336123992678 0.18470527210332363
1 0.49972080327276747 0.8504964718036017 0.07090337334017516 0.13814451306402756
1 0.805602643730043 0.7780027583343291 0.10212610226293642 0.13310688924063238
1 0.8028958002477055 0.8737148540500018 0.05978406615858276 0.09605351473554909
1 0.7424759298343965 0.810964363243371 0.045521578258831144 0.04967461212274363
1 0.7319697010098312 0.7303620076526409 0.05507838544042372 0.09170499164239156
1 0.6770503968533009 0.6751153493435825 0.10029998184962743 0.07262960376513566
1 0.6687702642415477 0.7466569458950162 0.07681703005422928 0.06130365496601513
1 0.6990713634794219 0.8884337032627908 0.09414997579950324 0.09530379519648118
1 0.6332963725546082 0.8515127132919207 0.06458065046753828 0.12123537116203996
1 0.5802531857863247 0.8682016737916924 0.05802157825883114 0.05015956259338547
1 0.43425384279496654 0.5261361006415618 0.06125566256778665 0.07528080021104605
1 0.46319242993259235 0.7136855725338395 0.03932612041330898 0.06193213688742271
1 0.5572878635776177 0.7964893677303206 0.02852497579950324 0.09275780522561092
1 0.5964367219888741 0.8177965046177433 0.042551114363184796 0.08497004117174972