1 0.32878755445111785 0.21409279821785332 0.08819086729005096 0.18213916610172406
1 0.3746454759958949 0.07153975542518819 0.07685339149054773 0.07876429370349448
1 0.4369227621984443 0.12551912276240804 0.04563066256778665 0.08414182783939411
1 0.4044779008603217 0.2335001409273165 0.06912270472226431 0.09938437817204887
1 0.25197506957642835 0.28234307322975905 0.07236587939029934 0.12992139111359904
1 0.3197756479334554 0.32201818193795756 0.06894089754067201 0.05265540620943206
1 0.45418700936977385 0.30565559741391485 0.06606133723582168 0.11557633719311547
1 0.4055131600337038 0.3689325690359806 0.08782725292686636 0.08868122217649041
1 0.4348688619272978 0.45266272179218814 0.07072156615858276 0.10881176314749676
1 0.3059535215682182 0.46173039348160205 0.10085449375348406 0.22484796553147637
1 0.3761660276183424 0.48375975182943237 0.05500566256778665 0.08463137133694189
1 0.38593139217791883 0.5836967027600483 0.23036927693097126 0.1872274605497358
1 0.3954195007855669 0.7548953359336549 0.20699540944452863 0.20235874199278214
1 0.45116953103618795 0.880462747845564 0.08778180113146802 0.0769989791858362