1 0.6268972806434044 0.5187793427230047 0.13955337939029935 0.1267605633802817
1 0.6569160578689635 0.6349765258215962 0.14273292154477701 0.14084507042253522
1 0.7714467113615637 0.5140845070422535 0.15533291549465283 0.16666666666666666
1 0.7702154885871226 0.6302816901408451 0.09255111436318461 0.09389671361502347
1 0.8168415454741274 0.29107981220657275 0.11498062626704134 0.23708920187793428
1 0.36774097014216245 0.2605633802816901 0.059665891490547726 0.07511737089201878
1 0.41990745814010993 0.30633802816901406 0.05499657220870695 0.07981220657276995
1 0.4584841448101974 0.2300469483568075 0.08790906615858277 0.1056338028169014
1 0.3875040242986927 0.2007042253521127 0.026717036104353477 0.03990610328638498
1 0.4408517380961433 0.1431924882629108 0.06893180718159223 0.046948356807511735
1 0.4948079850710812 0.13028169014084506 0.02208407825883114 0.0539906103286385
1 0.522678455016852 0.1960093896713615 0.039298849336070064 0.06103286384976526
1 0.5741313498270493 0.426056338028169 0.08942611436318479 0.09389671361502347