1 0.8368793939264346 0.6128076893929026 0.11363629488495235 0.26565478209042886
1 0.7021589602814092 0.5273843848589645 0.23851812021691715 0.24439157700572015
1 0.7523129755049156 0.3859988119599683 0.07080337939029935 0.11577382213985127
1 0.5868879634046671 0.42412047536387404 0.16489881303532491 0.19930558499298645
1 0.48072886699546336 0.4400066996858764 0.08817268657189174 0.15824075644070396
1 0.4291845477136226 0.44177256344998544 0.058276108313060605 0.10894180931498892
1 0.30761809904148246 0.327800980875797 0.050281801131468115 0.0669113846327832
1 0.3623732558537325 0.1668419961194575 0.12569995764913058 0.1662367949152913
1 0.2431692587805987 0.23627649848171023 0.1430147226762452 0.1962037292161438
1 0.512324821521336 0.6997586892798121 0.0929874515990063 0.18762567791669416
1 0.4950333032727675 0.8541303791774055 0.07247496369925485 0.1408465737429592
1 0.8025049148072817 0.7903374449896438 0.10369769262201593 0.13605160580511513
1 0.7982401165044841 0.8869941901803202 0.06134656615858276 0.09658731252120466
1 0.7385924057320955 0.8217296292622236 0.045530668617910844 0.052109796490126335
1 0.7288674269075303 0.7410847863102433 0.05664997579950324 0.09428572437854778
1 0.6747248275714602 0.6844081893363573 0.10030907220870695 0.07548943593223309
1 0.6664446949597069 0.7558830555192645 0.07681703005422946 0.06189816188561584
1 0.6944020441975811 0.897781208573651 0.09572156615858277 0.0981878477895762
1 0.6293992129136878 0.8583036837113437 0.0645806504675381 0.12173281572742004
1 0.5755747761454044 0.8745437534041243 0.05958407825883114 0.05068122758476339
1 0.4342492976154267 0.5284491515926422 0.06126475292686635 0.07783731252120454
1 0.4600628847530525 0.7160715105757004 0.040897710772388504 0.06439154168080302
1 0.5541674087571575 0.801686606762169 0.030087475799503237 0.09304894712571515
1 0.5925395623479538 0.8243023543716436 0.0441136143631848 0.08537037822035197