1 0.96953125 0.23285714285714285 0.0578125 0.3914285714285714
1 0.96796875 0.5642857142857143 0.0609375 0.3057142857142857
1 0.9052395459715281 0.6666840980328239 0.07867182028847211 0.1665287818878195
1 0.9140832966371182 0.2568336993708199 0.06348584422416685 0.4463293134371581
1 0.7921031131258683 0.6154872873288559 0.13481402393569475 0.2813962791546292
1 0.8071676815144795 0.8784690979676621 0.08477634992375016 0.15516669994280163
1 0.731804658813056 0.9105200558367155 0.06558993882958326 0.12068151720642618
1 0.6342172247331253 0.5466738819117102 0.09825827488562525 0.23244253605276657
1 0.5318903521079517 0.42417316756083423 0.03415810087368065 0.10606335550294294
1 0.4493337316669795 0.566132702390001 0.07293096656499998 0.2064622924042656
1 0.39044904093753496 0.5426522206245415 0.04727634992375016 0.1547677630414793
1 0.6548791361116324 0.9425543913348803 0.08673758700597212 0.0637713732560074