1 0.4305307426400467 0.25783108336513616 0.16373633068109025 0.14917804861652703
1 0.6317927032940928 0.3801378549288025 0.1295431440165448 0.16972503274383297
1 0.7448103239576838 0.408416717733726 0.08432155068427179 0.17932717615640073
1 0.5140677592695939 0.6296927156225806 0.07436474801081765 0.11072732489663717
1 0.6249598059357302 0.6323864985074023 0.06524428668045382 0.1404180719274719
1 0.5534762519494114 0.49630030303552636 0.030651110677908554 0.11395650904623109
1 0.5953455786123661 0.5326864424520608 0.05361589600572696 0.05896041069991334
1 0.7057467292727755 0.5930725330291903 0.047547709341181486 0.08017874347830443
1 0.33212741593732104 0.6233540725972329 0.07567270934118149 0.08085009212938994
1 0.31980232797581926 0.23590653124954522 0.0616829346753633 0.08906142635085573
1 0.4473631592934564 0.39094917471839574 0.11201019867918127 0.12871647352543472
1 0.43687000728041153 0.5225832140123472 0.11677042401336309 0.13737537351429085