1 0.8050377494586094 0.6459990119350939 0.17894450770485393 0.08706474267981754
1 0.6781880408850928 0.6866518312778662 0.16824697152355522 0.169768154678545
1 0.4896337360970064 0.7526955492918656 0.12357470445330314 0.09138861600890866
1 0.5299196862969492 0.8305205572883658 0.09333602916402009 0.05839430267345449
1 0.5181249319107768 0.6096086206238202 0.18138951987005392 0.08239542401336308
1 0.4130036274673917 0.5236171239656379 0.16939146114747716 0.10886701734563572
1 0.3389699484819184 0.6037500666375013 0.1518318508910396 0.058776110677908555
1 0.11678481548132925 0.6200755953214551 0.2335696309626585 0.12029541335136287
1 0.22929207559065687 0.6763068666454555 0.13892578375477127 0.07274770401018138
1 0.1746955137682639 0.7188307213160463 0.11743616855407732 0.08353975334181776
1 0.5889498364086998 0.5544847686187294 0.08304996532392259 0.03177725867281787
1 0.5466138200053399 0.6773591946212749 0.12352269348085111 0.05234429734245403
1 0.29841446431290813 0.6446205146403649 0.08395797373761416 0.044277258672817864
1 0.4718329050769346 0.6911222499602291 0.036150209085086 0.037718176002545435
1 0.7868089197179178 0.5711535532702301 0.05467931783447471 0.06282726400381797