1 0.21955902109244918 0.13872948706405194 0.09491870181924558 0.10356250450142311
1 0.9430798343697969 0.5528573225362446 0.054726041356328636 0.03923088559745652
1 0.9355562787454442 0.582919418292139 0.058976893713693815 0.029140938643046118
1 0.8237840248165028 0.5694296333658133 0.07921661910658777 0.028079951214890448
1 0.8713525376367844 0.5150886541526444 0.07293238585581072 0.06366786053026147
1 0.7889210272977022 0.5270811353514876 0.05047518899896399 0.04932083255186693
1 0.4592720686540311 0.500065043178391 0.066100188998964 0.049817368869930344
1 0.44847796381546684 0.5336394154811744 0.061956344499482084 0.02582727662338243
1 0.20011527667852963 0.814199483361951 0.0997517510334573 0.1071244346801186
1 0.3683216211780117 0.7849957597757375 0.12678513192686935 0.08242093042805929
1 0.35091148925114224 0.8639409359773529 0.02220463978475227 0.04501409789607641
1 0.2974612733687608 0.5256571829541028 0.03902826674922295 0.03702786463775508
1 0.21361281224389028 0.5342863485014758 0.05720037799792799 0.09725136341315618