1 0.559763368915863 0.7129399168645754 0.0855477621748646 0.093511919901155
1 0.49005484091268575 0.7232441371929446 0.07781708279171565 0.09939816188561584
1 0.42544291599376366 0.7025166123306372 0.05100912094116268 0.07941138463278322
1 0.32569233198423203 0.7385218855332915 0.06202844155801355 0.08617064585453775
1 0.2768708226487412 0.5267460826307337 0.06046594155801355 0.08609789425143007
1 0.44251914204777626 0.4729630434252742 0.05467959172016954 0.12122355450566549
1 0.39187425974252793 0.46018194965760373 0.058439791395857824 0.05060847598165559
1 0.14671749269639936 0.31743719636657014 0.07033186525911975 0.12403440387007691
1 0.39945848336090845 0.11970245286381936 0.06032957386326192 0.07568122758476337
1 0.32698346550400104 0.16218921245419354 0.044568206168510205 0.06453704488701864
1 0.35091979748493773 0.24460323810391846 0.05128185633066593 0.10024471796611649
1 0.6162641538156037 0.1589815923624713 0.04103410308425524 0.03314154168080303
1 0.5872118534912921 0.2285053968398641 0.024255706168510117 0.06359127404661713
1 0.6354817581176748 0.18384932073465224 0.02058523538950343 0.021779104173734846
1 0.6643470978092493 0.18832022539214668 0.02088524431795715 0.044695770840401515
1 0.6494122500032953 0.6722950915750537 0.04610343262955983 0.062526463156793
1 0.37745938352635955 0.7252976884358492 0.05849433847375849 0.05477514264832214
1 0.5671139931034365 0.5694445474754527 0.044268197240056394 0.04162037822035198
1 0.4900042479747004 0.7868221796611652 0.024010244317957154 0.044841274046617245