1 0.17154192938413404 0.5054445458781692 0.13284995735199914 0.18842531327507359
1 0.12194246606458795 0.638891101257853 0.09147952267663588 0.1014325575788206
1 0.039075422063951606 0.6294283043898503 0.0681147480108177 0.10885660877970053
1 0.34172880207667833 0.7661277344940868 0.027144302673454225 0.06769718641678063
1 0.2871594807447237 0.777547742851695 0.0911704400063634 0.06601589091215393
1 0.5294646120703149 0.710932300958131 0.028834072008272215 0.08234113855894426
1 0.5647850414146781 0.8205992480857295 0.036355670671545326 0.04931089926976237
1 0.5293020747533141 0.8712883488159674 0.038409066677272105 0.10562151807859242
1 0.4798475147596776 0.9318485469333996 0.08326703333863605 0.05529613020133629
1 0.3840628474299501 0.9635371568570065 0.11924089600572704 0.06085702947109818
1 0.30283102876349555 0.9624683121311671 0.01931362133990877 0.06531075903929633
1 0.2772572220719058 0.7167673633320468 0.03317612667090888 0.04293966165210179
1 0.652939569422314 0.8989939013802231 0.04912839067472703 0.08104584974040421
1 0.6131685447564958 0.9057814550883853 0.02712612133990877 0.0656138530834473
1 0.5945367234245412 0.918595696049089 0.020476132001908988 0.01953804451479305
1 0.621875 0.978125 0.171875 0.03958333333333333
1 0.7777668467536323 0.8840517394199757 0.052580654678545 0.11866708735806479
1 0.7424566027609503 0.9545325068168802 0.07721702800763594 0.07797032163268179
1 0.7106969780792236 0.8054337733780238 0.0851204346753633 0.08869008234349968
1 0.96796875 0.6989583333333333 0.0609375 0.29375
1 0.9382952667488599 0.8434204767294905 0.05897610534690827 0.13557622926005214
1 0.9703125 0.9520833333333333 0.05625 0.09166666666666666
1 0.92578125 0.9854166666666667 0.0734375 0.025
1 0.8857338880887685 0.9059427705625958 0.042696577339272325 0.05997004117174972
1 0.740625 0.9958333333333333 0.06875 0.004166666666666667
1 0.6388492500795419 0.8057703081718327 0.050418170671545325 0.0498564685492345
1 0.7351242660725421 0.7407786743193076 0.0471113573360908 0.028901897598240585
1 0.4573805267345423 0.6841855024186064 0.0314863573360908 0.028295709509938167
1 0.08804072807922363 0.7812771780591726 0.10519657733927246 0.062394793524959385
1 0.046896465388270206 0.5412200411717498 0.07102157200827235 0.08397784639736088
1 0.9147561273869975 0.5623937894769491 0.06611589600572713 0.05879598997087001