1 0.5114349071103627 0.09775718062328292 0.15213018577927465 0.14810983840994213
1 0.5774472262740038 0.20533330105235753 0.04425401878308026 0.13987425122411945
1 0.42479311707274403 0.38697578241233305 0.03985567885919252 0.09139637311063274
1 0.4595328730042431 0.3453110397651653 0.04228034190105419 0.06499502417097935
1 0.41803643969642634 0.4652251488169822 0.029780341901054184 0.06432022669287794
1 0.437283846806789 0.5364121787400222 0.04036501482874755 0.11072004460821729
1 0.47109777270023195 0.47050849703611125 0.04680601581733086 0.11830382015886219
1 0.5165694401907179 0.4669159905512337 0.060677514828747545 0.11181659051013208
1 0.344315096806789 0.531393372496643 0.05828734387822054 0.08033127464179453
1 0.33137208642666566 0.6068898812250434 0.04534167490485981 0.06274826460330664
1 0.3404778309894582 0.6472932266397688 0.027899506920082296 0.05215858232212479
1 0.311432318137877 0.7400621805495281 0.05640650889724856 0.06816963027104138