1 0.710483855246927 0.13010938851557083 0.22014003954332698 0.26021877703114166
1 0.619625386387297 0.3406307928400936 0.1994455375661605 0.27937057732493537
1 0.4865356551703773 0.482802980133253 0.08338018577927464 0.14102838205583323
1 0.5897017589344296 0.6222691145808116 0.06918503460041112 0.2503048711328085
1 0.49588809193823524 0.6256606935804938 0.13299818380210837 0.13000467332827711
1 0.7929912436113904 0.5004883919552195 0.05050401878308044 0.13667231532143728
1 0.24284932216657173 0.500071789757779 0.05299234882113639 0.11338943681235011
1 0.26854570604522976 0.264542890720055 0.08038251977166348 0.14553191784191577
1 0.315195212965312 0.31106481689524773 0.04234400889724856 0.06586718032083258
1 0.2719015163116224 0.10921473694318787 0.08755303262324476 0.21842947388637574
1 0.3758302599230128 0.6424154108867371 0.0459146778706093 0.08249040509813024
1 0.4960167900376186 0.25532065906366597 0.0865396778706092 0.08497730372882198