1 0.4085834047289934 0.5395551156597898 0.02576371941479163 0.04394392766036527
1 0.44114198480111144 0.570011918807966 0.052871733282499986 0.07539997579950324
1 0.31018423195131983 0.675231678112276 0.022675087005972296 0.046003020036152975
1 0.18104028618788232 0.5711188590922909 0.03364895459715282 0.04817119672089589
1 0.21759472881718783 0.5172430839161719 0.022347778685347208 0.027253020036152858
1 0.23124292078090325 0.7621074734554756 0.07267508700597229 0.04639087535688328
1 0.167161583774931 0.7157832607318428 0.02699891109416668 0.025206048139138203
1 0.3166355601235769 0.7763097062152612 0.05835801386770836 0.031698457714594494
1 0.33364056895729216 0.7212407583878152 0.030633057370694418 0.05439695576335026
1 0.4033354731176046 0.7311551196932059 0.09807643692972227 0.15907268253847562
1 0.4606751944322574 0.704520244074467 0.026200130508958353 0.06894392766036503
1 0.37257774201930605 0.8486089229723099 0.04327852773541672 0.06282725292686611
1 0.4029016748649658 0.8852975454023269 0.0464398953265972 0.06493482721774531
1 0.4271379554501742 0.8417414730626921 0.03837282218833345 0.05029089149054779
1 0.5381663744281255 0.8478103603888959 0.04309668977951393 0.05241058626019945
1 0.47868292486496583 0.8858853886228089 0.02703527868534721 0.0272893814724713
1 0.5037368230413547 0.8444187098558938 0.02405574905006951 0.035598473848259
1 0.47366419728204895 0.5983853886228089 0.02391027868534721 0.027265140514925672
1 0.5204307477188893 0.6372846094132737 0.0667523953265972 0.06509239344179178
1 0.5439961874984032 0.6895436896888131 0.024637630508958352 0.06893180718159234
1 0.5985011963321185 0.6347656333519149 0.046403527735416714 0.06285149388441198
1 0.5911984958190282 0.7086573040519978 0.03357621941479163 0.04400453005422946
1 0.5664894365484726 0.7251300430582994 0.017914851823611144 0.041799991933167746
1 0.6837139573500352 0.7729080187268748 0.05160017401194459 0.0920545219873972
1 0.7140924415824659 0.8127216411568916 0.03597517401194459 0.09193331719966882
1 0.6984323804120491 0.9000883158903906 0.04051720364722229 0.08363634530265406
1 0.7339886739150353 0.9232776933294458 0.02122168977951393 0.052240899557380045
1 0.8029023280753478 0.93318599439545 0.07114895459715279 0.04846208821144368
1 0.7492655689572921 0.7244648057413863 0.10308993882958344 0.08828783112023354
1 0.7364557912218753 0.6618739021505903 0.04643989532659738 0.06493482721774531
1 0.7883111915824659 0.8132973638986007 0.024346689779513753 0.05226514051492567
1 0.7835879772016672 0.8559632755562293 0.033830792553055565 0.0585878633875628
1 0.7484862785884381 0.8588155647838407 0.03223192496187508 0.05649240957545653
1 0.42500914494534764 0.6302952602081316 0.03993532218833344 0.05030301196932072