1 0.90846913481345 0.4611310957427783 0.1623869056735579 0.2867752610179167
1 0.841673436991947 0.6351673545764935 0.2521452118760226 0.13041746466513898
1 0.698311110913875 0.5946494977188893 0.12044396683008521 0.11900587955902786
1 0.8538116633203735 0.7096043101235769 0.11847719895084931 0.04400587955902786
1 0.71474037010677 0.7293336222439241 0.13297144930127727 0.05984908510611113
1 0.6042828681247736 0.6877624116628475 0.12807174196643886 0.05196384992375016
1 0.5653925169271984 0.7379617802039586 0.1824720956032514 0.06842530452090294
1 0.6097119669580808 0.4807311616628476 0.23899123345878634 0.25516289152687505
1 0.5816421138984598 0.29740951538631977 0.1488588268994968 0.12881729065319458
1 0.4687790073820192 0.4371246723964239 0.17401295286676643 0.19324346656499997
1 0.24553113225116802 0.30861519984750013 0.23454224376293972 0.26446515634451406
1 0.12724425828088845 0.3865025040840625 0.15631082372879765 0.14455139342673623
1 0.04462767118064811 0.4383000870059723 0.08925534236129622 0.07492857123840295
1 0.2100363191319698 0.49798617116215294 0.172169107979983 0.12293096656499998
1 0.24306734102265515 0.6712243026210418 0.29872479970617766 0.11708231648875014
1 0.3485458526979125 0.5892307266329864 0.24222287421389382 0.1099594943004167
1 0.03269462106252043 0.6193682490500695 0.06538924212504087 0.13873649810013902
1 0.15504777819019622 0.5799804003605903 0.09343411499224885 0.07329333605604163