1 0.1687008508354838 0.7071613703587338 0.05962435079830275 0.1267690366862218
1 0.11973411022702396 0.7764018493505138 0.027708505931499074 0.04344311467607398
1 0.14493969866803702 0.8113521485862099 0.03864600593149903 0.04401424875654662
1 0.1826426285158127 0.902974304395639 0.055960839923887826 0.04958464236497954
1 0.23299279699488187 0.9132138730317699 0.04014483893530461 0.041759390741340295
1 0.25213277475176044 0.7542797339140686 0.04553267589344294 0.06770509706955362
1 0.2744096813678315 0.6817533976357459 0.054525673916276676 0.05417594897831644
1 0.34505510380123333 0.719010467162889 0.09585101087441492 0.08199823871379647
1 0.32257792593062395 0.6406318924044606 0.06565417490485981 0.06175642885318135
1 0.4198057530029306 0.5910991623157221 0.1331891847906915 0.13527669127994169
1 0.5082024081361268 0.5045912075715133 0.07285917984777565 0.09712952015684255