1 0.8711879560080487 0.37882162908056394 0.2482597223568522 0.4458342100001152
1 0.7234892381370018 0.120959580119266 0.1436465237259963 0.1913992196218205
1 0.6356443868444076 0.2585387430360617 0.2486470415204934 0.334843384461901
1 0.6938322771488562 0.46769287214045463 0.17365235870696819 0.2054618292051682
1 0.7246737588600676 0.6124268661554991 0.1194450197716634 0.15948932588710898
1 0.7136779090503479 0.7413251186315255 0.0652376808363588 0.11351682256904978
1 0.6635996546017238 0.7743143417886313 0.0690975098858317 0.08010551966224524
1 0.4031913952101835 0.8380041214841235 0.05790534190105419 0.06934860284444443
1 0.3591694811797386 0.8156182174450192 0.0482120069200823 0.05606784948492687
1 0.3188309826626134 0.8024265980206148 0.03220500494291585 0.03996254565144995
1 0.2633622326626134 0.8002915291016943 0.06696200692008221 0.05678956292230853
1 0.20916416399326382 0.6831092372929661 0.061412343878220546 0.08497276438633367
1 0.3167922746773983 0.47257830556761454 0.05015650889724856 0.07163186824036746
1 0.31477347133108796 0.23713547277232316 0.05095500494291585 0.04068425908883154
1 0.37496155482918514 0.23815898038650643 0.013327670950527093 0.03407287355773755
1 0.4202740548291851 0.23990312119351195 0.030387836958138337 0.02956648555233996