1 0.5666056973265458 0.06400961064021675 0.15116360534690845 0.1280192212804335
1 0.6187761773154099 0.17061945534245446 0.043223836012090365 0.13995860090888212
1 0.44973472863622865 0.32219912374912807 0.039735209341181486 0.09148072279539542
1 0.4882614266390922 0.28752386082026865 0.041097714672181596 0.06499502417097935
1 0.4343273572963199 0.3978796728075136 0.030178396005727137 0.06682003531483868
1 0.4462637359564111 0.4720841023825523 0.03831816000954511 0.11072004460821729
1 0.486534747294729 0.4131699003969495 0.04618520401018138 0.11838816984362473
1 0.5317927032940928 0.41797013635042607 0.05863066000954511 0.11181659051013208
1 0.355057480625411 0.45044851063199004 0.058394302673454225 0.08041562432655706
1 0.33419954061904766 0.5240088246498469 0.0442227146721816 0.0651637235405047
1 0.3385779579487751 0.564818577527926 0.026944308004454333 0.052158582322124926
1 0.3012228612746845 0.6513418579217813 0.05517839600572705 0.06816963027104164