1 0.7602083576192138 0.26146843878471937 0.2030754146981227 0.1989300797818824
1 0.7307961653310949 0.3731140664207393 0.09873016587924913 0.07972321449716763
1 0.7012748456383143 0.4801193228270608 0.05321925843752044 0.13732290151728666
1 0.6579737681409854 0.6324964339507934 0.11646330290255769 0.10307355354106687
1 0.6092163204105707 0.5528549835896068 0.06629961179556502 0.09568104645533448
1 0.5900521142426358 0.3360391146065409 0.1345238221398514 0.14034500627406085
1 0.5415079760382009 0.43160542427906073 0.11103175843752063 0.1378223439836564
1 0.557636429126093 0.22028630431978485 0.14250001324684405 0.1473730553437936
1 0.4819518936467305 0.09214368038987635 0.15538195916315994 0.16372234220803403
1 0.39076638765628074 0.20200231099000934 0.11292164065150559 0.15175695611778858
1 0.3942311827542901 0.34933409753293276 0.16880954210278443 0.20327348522076638
1 0.38923863710812656 0.5025405895606828 0.06873513103285882 0.1328175147379585
1 0.4314013444571879 0.6008042678433292 0.05434524881887377 0.11877491504353029
1 0.3249306004476377 0.4926531905403792 0.06857143992586626 0.12585695789341106
1 0.2690526226801563 0.47573099322782453 0.07051588584218216 0.14211175564239226
1 0.2697668960938012 0.3399663886465545 0.06868056733052796 0.13049732912310932
1 0.23582591651222132 0.25903661025009184 0.06555556733052796 0.13047033223303528
1 0.20971479509800933 0.14554999179803688 0.08285219473518968 0.1352591863581409