1 0.2956258751305261 0.18180297361838058 0.15414609287220263 0.17885347727182857
1 0.4154619511294584 0.10632746103647887 0.21526256379169645 0.06889782467404078
1 0.22822101136718104 0.3564796452908918 0.08992349316860437 0.17162162986961632
1 0.21396840387501034 0.48980065990138844 0.10866814589616464 0.14067163879807013
1 0.358657108674101 0.5802637930174156 0.33125224718465807 0.08317060470581286
1 0.21808920139525564 0.6452694099013885 0.10841816785448802 0.06413641233702042
1 0.18620717205990575 0.7174074626613319 0.059838555311190325 0.11024775324641087
1 0.35433518685737514 0.6856234488616143 0.16072513493871113 0.15865007142762994
1 0.4024015744868335 0.8214615373353726 0.059590065008461944 0.10087275324641069
1 0.8753576673599454 0.7482748222351135 0.054954554835429256 0.060193206168510115
1 0.6140587972805464 0.653681522317839 0.054250498977698854 0.03363070616851012
1 0.5892557660950581 0.8586866221556833 0.07245824378829574 0.049528441558013725