1 0.9484785479010641 0.8481753262796617 0.050909282132453625 0.044475783052319605
1 0.694165469450392 0.7355662391979708 0.04622178213245363 0.044220583401603335
1 0.6064752528364868 0.7675123740255057 0.1303360208496825 0.18016805236475417
1 0.5253927373970807 0.7437095852876501 0.09632473370266403 0.1949980496373701
1 0.48687214350700236 0.5911350649227215 0.07290395407749273 0.12282590707807606
1 0.37996657713052395 0.7464015677792788 0.205273836368231 0.25305970840969644
1 0.33992894734706824 0.5959997966368229 0.14083560015828453 0.08899054718837698
1 0.23127902454409927 0.7430006353546837 0.12680184389007837 0.1612087752141721
1 0.18231633880900647 0.8292726051267993 0.07398306927947215 0.029050319928031806
1 0.1598981180384662 0.6977680873179374 0.037710600158284535 0.08337615487261268
1 0.09995246819675078 0.7825478402694911 0.05641513605166186 0.08230927080324511
1 0.06279579750535283 0.6926038000715772 0.08109688730530311 0.06905655690142973