1 0.19213794781523252 0.5692488262910798 0.05859623920022683 0.10093896713615023
1 0.39926345625275306 0.7077464788732394 0.06550100362819711 0.12910798122065728
1 0.47530760108060993 0.6854460093896714 0.056780768056167295 0.1572769953051643
1 0.2556200944571879 0.6115023474178404 0.06123016587924912 0.07981220657276995
1 0.2935392459084668 0.6631455399061033 0.0465674651536097 0.0539906103286385
1 0.37010174590846673 0.6631455399061033 0.03299603847458741 0.07511737089201878
1 0.20364093220613588 0.6607981220657277 0.02529266587924912 0.07981220657276995
1 0.26642367440158765 0.7065727699530516 0.03719246515360961 0.0539906103286385
1 0.34215779518282735 0.6373239436619719 0.05432540145127884 0.051643192488262914
1 0.44376742440158756 0.7065727699530516 0.0323958377489479 0.04929577464788732
1 0.5195759562527531 0.7077464788732394 0.05125496515360979 0.0539906103286385
1 0.5078770536203479 0.7758215962441315 0.050674611795565025 0.09624413145539906
1 0.5780258625133553 0.7687793427230047 0.06481152286549072 0.16666666666666666
1 0.6253100902808366 0.7863849765258216 0.06103175843752062 0.13849765258215962
1 0.6643899484482046 0.7535211267605634 0.03562996515360979 0.0539906103286385
1 0.6776637639646341 0.8204225352112676 0.03466766587924912 0.07981220657276995
1 0.7125992699550838 0.710093896713615 0.029052582939624472 0.03990610328638498
1 0.7601637507177902 0.6725352112676056 0.037192465153609786 0.0539906103286385
1 0.765843321043543 0.7488262910798122 0.03702877404661713 0.046948356807511735
1 0.7996751732204613 0.8262910798122066 0.06355655771188111 0.11267605633802817
1 0.7623934280297846 0.8356807511737089 0.03623016587924912 0.07981220657276995
1 0.7159623721320021 0.7875586854460094 0.045114092558271326 0.05868544600938967