1 0.27667629992841236 0.8972946652124907 0.12925224267981755 0.1685496238627182
1 0.37957403325909433 0.9350444135468938 0.09451361600890866 0.11451785783851037
1 0.46560243992682154 0.92614477101579 0.07416475334181775 0.10829204274138791
1 0.6653409999602291 0.5234385551991749 0.060211341343090294 0.12331331694519272
1 0.3013154099697741 0.38785175914238573 0.12362040802036275 0.2572501785408487
1 0.4203830359643653 0.46043270851475865 0.1483295066836355 0.21658408548277613
1 0.5447472366327288 0.44554583350157023 0.12278406667727211 0.13683133037330944
1 0.33637965861713864 0.6278616548586295 0.10078179734245411 0.1174403398095944
1 0.29929038064927355 0.22932245532961862 0.06135567067154524 0.06318006309241388
1 0.15925244259232157 0.9256133115007401 0.10039998933799979 0.06246651782006575
1 0.47260805995386584 0.5926036482009093 0.07558180267345413 0.08742580459541566
1 0.5493080146403649 0.35149542138271234 0.09273294000636341 0.0830280750420744