1 0.639770506246516 0.2273238448643672 0.03352154800821019 0.18425041138214637
1 0.6747449490649237 0.27480238536141083 0.04560339149054791 0.07586961571820211
1 0.599758584603543 0.27060602726960453 0.03958974082661779 0.13713548524828748
1 0.5559813135263042 0.27729730265944713 0.06048402380771343 0.28825725833211396
1 0.7693393106976337 0.461960139178553 0.05050906010845857 0.1325145531932796
1 0.7478955818730685 0.5525767884652324 0.1142443071815924 0.04817146598160309
1 0.7984313921779188 0.6167019758917798 0.022220433645025395 0.08981473966356941
1 0.7085240096643615 0.6324224352924166 0.03480224687674216 0.11115092513170055
1 0.6927086330045367 0.47897647488436235 0.055123837235821684 0.11368779255514966
1 0.6128484161820239 0.5230880095061579 0.06587953005422928 0.06661403031146253
1 0.528446145104785 0.5294225311811777 0.05496021077238851 0.07123496236647042
1 0.3374575307416004 0.6220881556223651 0.08648292154477702 0.14226410528208158
1 0.11813535900043155 0.565915030413782 0.08149543969514968 0.06439275271266434
1 0.024331598167224536 0.5816011865726091 0.04866319633444907 0.06410460548146145
1 0.1570529341360048 0.40115686256087724 0.0520988311856974 0.13960374618811688