1 0.2314572178010394 0.7516819451488553 0.10524509263643722 0.2185998488649477
1 0.3483431894295094 0.6444208223243912 0.04699467194503919 0.09983274211391292
1 0.41743050705962903 0.43597450276907684 0.12506951082055268 0.37402229963542893
1 0.5096885517284949 0.3041669659639421 0.07847199247815269 0.11382397491974637
1 0.5437513146606185 0.3783497390196929 0.054579851411925874 0.08661932036884729
1 0.4244426881758683 0.6646463533223874 0.08651181301126591 0.12734852108911915
1 0.5448915804957363 0.6750634017638835 0.16246655925034226 0.18499165094611403
1 0.5326894456977156 0.5545403152731105 0.08748327962517113 0.09262027524277983
1 0.6417508939692207 0.2626938765117287 0.18029055674305994 0.22276704289306573
1 0.6814606001582846 0.117811987323668 0.09735838479802066 0.12221871460324643
1 0.6161538489046434 0.1352218422816852 0.04350595909205772 0.07838014289750075
1 0.6416408968722146 0.48587812749121345 0.15923391066226814 0.2704598109450251
1 0.7582433751646022 0.5456670792471285 0.10336434389007856 0.19985215888241017
1 0.7245336163891135 0.675967535851971 0.2055345976510022 0.14575584746251602
1 0.7271561627073322 0.7842718621266623 0.16941524122451135 0.1343450741208345
1 0.742673514119258 0.8701133714347419 0.10618781551854858 0.09031982776050464
1 0.73984375 0.9491978609625669 0.0734375 0.0855614973262032