1 0.6763886754363324 0.6473079082586035 0.032170512851581276 0.09137976347291618
1 0.6085499180219586 0.5953155198636634 0.05127333992388792 0.04716394989240782
1 0.619649244105682 0.5438049062223371 0.026719008897248563 0.0633016011144282
1 0.5910732579458464 0.6422076085499518 0.04527800790866543 0.05645537204370734
1 0.5457925914439435 0.6437700315978904 0.04585101087441501 0.0774834094268849
1 0.5066345909496521 0.6406051852083435 0.044479511862997964 0.08447916216097134
1 0.5419526670333754 0.5888838791322746 0.02745383794672147 0.03294136239903323
1 0.5193773300752371 0.5633732473971189 0.025156508897248565 0.06328800805412226
1 0.525884656653252 0.5154080858339068 0.0353936719391104 0.03768222489682485
1 0.4851323226608633 0.5110886082056004 0.0432698389353046 0.040086638796485496
1 0.4792789120904596 0.5543740760423977 0.03296900889724856 0.06335597335565218
1 0.44447017197629135 0.6247869709035134 0.07754667984777566 0.09411041081992028
1 0.4394351620904596 0.5547206990802 0.052899506920082294 0.04951399155084475
1 0.41263524015134934 0.5175618070051552 0.0331600098858317 0.07036531915004471
1 0.3937433187065306 0.48383962252577656 0.027644838935304693 0.039950708193425756
1 0.3819118221665717 0.5084810772885981 0.016452670950527094 0.03050976237876067
1 0.3938361606075848 0.5446008791374845 0.02927100593149907 0.04230074985186269
1 0.35630432710948756 0.5437588882857622 0.0432698389353046 0.040086638796485496
1 0.381429002508639 0.6054708802316399 0.05060217787060939 0.0798606372059335
1 0.3421755015200558 0.5988013609448968 0.04741351087441492 0.077497002487191
1 0.2953986606075848 0.5454572419367606 0.04760451186299815 0.08450634828158339
1 0.2583934091247101 0.535262660162362 0.04285334486680377 0.08212912050253468
1 0.2356443172236559 0.47469850292509086 0.031088173916276673 0.051660137304691885
1 0.21764107513232128 0.5309431825340556 0.03296900889724856 0.06335597335565218
1 0.1805721566532521 0.5184121521615264 0.04116351087441492 0.07744263024596704
1 0.16726173174839232 0.46010288516055003 0.03453150889724856 0.06336956641595815
1 0.14441182216657172 0.5105472224551056 0.034595175893442943 0.06570601501408885
1 0.1331413997331699 0.46974772687980476 0.04103617688202617 0.07276973304970535
1 0.20584672927693437 0.44223969416691955 0.03370383794672147 0.032995734640257075