1 0.9664731603521354 0.5726961893757962 0.013918656260602092 0.06305955823535597
1 0.973549050370669 0.6047983885556218 0.011374009618646852 0.01972038268670591
1 0.8933630425661206 0.5615605170854363 0.10690476442797028 0.0336023988466804
1 0.672194881496195 0.643503143209262 0.03659226442797028 0.03045488377280246
1 0.6405182955613455 0.6293120111873619 0.03330357332097762 0.02310345575242514
1 0.6208605599893158 0.6013751394736617 0.023621038474587408 0.07790230383495014
1 0.6026462733288269 0.6129968121292938 0.01671627404661713 0.04877637087111818
1 0.5821155185195035 0.623521478877132 0.017624009618646852 0.020000161804383892
1 0.7983481537287135 0.655866462230128 0.022748019237293703 0.03944076537341182
1 0.5723883436545798 0.5363056801073938 0.01951389183263199 0.03449318350688024
1 0.5282936032732266 0.5190683370900805 0.01795139183263199 0.034423238727460816