1 0.4763892299888641 0.11906726054636887 0.036464758672817864 0.06838922555317369
1 0.50373243264641 0.21976040388769003 0.0460579346753633 0.09664018090262369
1 0.49550121463241065 0.37475143730118604 0.07676358935390812 0.22835506063597624
1 0.4660778913112738 0.24004122059065464 0.04271475867281786 0.06844385306313566
1 0.6024330146403648 0.28579460061774714 0.05348862667090888 0.04741269064218898
1 0.5685483633036378 0.3236469089298024 0.047238626670908876 0.04735806313222687
1 0.5431211019653197 0.3790297382184768 0.03800907733927232 0.06605546459028859
1 0.5680841919557749 0.4844382025567848 0.04958292401336308 0.14831068714586773
1 0.5247336339513204 0.5341095413356611 0.038172709341181485 0.08718222515366887
1 0.4859342159452753 0.6013455432848827 0.0856658746817267 0.16740413805115395
1 0.5297109406031393 0.6983741626519901 0.03012385200509051 0.05659750884133363
1 0.5816643392743664 0.6474540021267283 0.04609429734245403 0.101335016583375
1 0.4451370406190477 0.5230689528857989 0.03528406667727228 0.1176713433235705
1 0.4333012066359105 0.3365653180346091 0.03822725334181776 0.09422447867479564
1 0.4202830386298653 0.4035759815052373 0.04146134134309047 0.10833629947203015
1 0.3984438539545021 0.5000044808067582 0.03686474801081765 0.12003241804143659
1 0.3519132046069573 0.6576775255591472 0.05397952267663593 0.1107929723323297
1 0.4363882019414572 0.6440292560525942 0.05405224801081765 0.12018264369383204
1 0.39842457793604835 0.7042161760419438 0.04569430800445433 0.04969182409511209
1 0.5489058359325485 0.7416306817303072 0.03784544533736352 0.04492870402690831
1 0.4681916379296851 0.7740241517661387 0.03183180267345413 0.07539050844182868
1 0.4198086819303214 0.7674052614472174 0.03637385200509069 0.05665213635129561
1 0.3309279952657758 0.7447095250604204 0.028434082670272608 0.04015192708121416