1 0.9249103874428126 0.12578203805093216 0.12169577488562525 0.20377867558055576
1 0.8345419202122223 0.3001915024983853 0.2290368026210416 0.28097408254867157
1 0.9643755437873267 0.3668747768958555 0.061266114741388836 0.13035468432493144
1 0.8123740198516319 0.12019598687560626 0.11261040919430557 0.11692898418292931
1 0.7194637405006947 0.44051543846468155 0.09724128875333342 0.2402160987517155
1 0.8667751515948613 0.4742797357499599 0.20759560087368065 0.0972872984418928
1 0.83515625 0.5977722772277227 0.3265625 0.2103960396039604
1 0.828278962099688 0.7243508081433712 0.3062149388295836 0.11238548925990699
1 0.8375 0.8477722772277227 0.321875 0.20544554455445543
1 0.8375 0.9542079207920792 0.3125 0.08663366336633663
1 0.66328125 0.9641089108910891 0.0359375 0.06683168316831684
1 0.5858180519554518 0.6458933637586938 0.06973192496187508 0.06873272984366714
1 0.4804954255305559 0.7060741944143404 0.060175087005972294 0.05609725858235717
1 0.4453950333380908 0.8152073775187634 0.05243662860909737 0.1672241635586707
1 0.43828125 0.9492574257425742 0.1015625 0.09653465346534654
1 0.398864219033542 0.7310336228580744 0.09462282218833336 0.06199827696953728
1 0.31167203713781283 0.643261274909926 0.13557643692972227 0.19179128841311507
1 0.19940777327010448 0.6030433611911944 0.12445840539458346 0.2855050495036455
1 0.07767824363482671 0.6095743140020832 0.14186411094166682 0.30083179632099794
1 0.2921875 0.8638613861386139 0.19375 0.26732673267326734
1 0.11501785552642407 0.8654537295861343 0.18343336189159737 0.2599191397691707