1 0.8468139219762912 0.5452723145392449 0.1449835306460784 0.195094623980806
1 0.8871444447137045 0.6878705941454919 0.09699701680591417 0.10725760001689844
1 0.965625 0.696058091286307 0.065625 0.11410788381742738
1 0.6605938735728968 0.7681707639239584 0.03178851087441501 0.06892341289608434
1 0.7144510440291324 0.7912088846336082 0.09591467787060921 0.07198789047333021
1 0.47794585824985764 0.6744739717018521 0.03535917984777566 0.08349451685238737
1 0.4357212075652856 0.775796472844183 0.03902800790866543 0.05037191967480922
1 0.46719138345872857 0.833429076545609 0.045434516805913996 0.10646094075449222
1 0.5123248113293378 0.9033046129140742 0.08615767589344295 0.059394910554627846
1 0.6060721527361005 0.9527101582363231 0.12384867688202608 0.06619836549914661
1 0.6868274042189751 0.9608029865482363 0.024838173916276674 0.04600527137351927
1 0.7282933681356893 0.7328761864288553 0.03571200692008229 0.04409957090522793
1 0.34294079996063137 0.8343109567339748 0.05567167984777566 0.08380835231939614
1 0.38173138593018646 0.8503170079580565 0.03172484387822046 0.06684872409940383
1 0.3994282218997416 0.8666489652440318 0.02251166996194396 0.021084864623583284
1 0.36799914977035086 0.9377074199112212 0.17266817885919253 0.07939487516209577
1 0.21979246003674352 0.7947001936024157 0.06150518577927473 0.12122517422895467
1 0.250273138895936 0.8710291376637364 0.08217051285158128 0.08214406374880352
1 0.2920693666528146 0.7302754787895911 0.09186384783255316 0.09266235487082539
1 0.04794534045536046 0.5690313214882838 0.0699145464634092 0.2934726267329758
1 0.06278111467564824 0.7213640303107962 0.06826452174882984 0.13791924936147823
1 0.039529298477756596 0.8296582479642702 0.03156301779449714 0.11246773643660478
1 0.06624830737500517 0.8852885864383255 0.07547484387822052 0.06752467741296045
1 0.11110320954245194 0.793265973096402 0.047222509885831744 0.06294075840374157
1 0.248930814789379 0.92916870635033 0.06839717292769336 0.04045715829703439
1 0.36289120262236974 0.7457866356233902 0.05315417490485981 0.05266387917941866
1 0.2712183557783997 0.6621004427763733 0.049392504942915846 0.03186870883307388
1 0.5510650232688856 0.662965891799265 0.03370383794672147 0.02955260813869443
1 0.9112278849416032 0.835909078236024 0.10835101087441501 0.07010633119480864
1 0.96328125 0.6068464730290456 0.0703125 0.08921161825726141
1 0.10440890467608577 0.4477699354746744 0.06909750988583174 0.0632787350605201