1 0.164188779624735 0.4179300849352027 0.09571369480442452 0.17148718575077895
1 0.22682910145940202 0.36522599139174483 0.056051176947516976 0.11872578047300113
1 0.12137576257860642 0.5635764754419005 0.033876168019063256 0.09226350566697827
1 0.09182067613344282 0.6407870653065422 0.023047762174864615 0.1012286299462099
1 0.15482919074393942 0.6196250278378507 0.02902502678536121 0.07808166974392522
1 0.2629826099808187 0.6525829550026484 0.045830697240056485 0.04596958526240905
1 0.3180501651763942 0.48634357867082073 0.0996102621748646 0.10389332073925243
1 0.33585922808260743 0.40638867937237844 0.08390344155801355 0.09634016049730018
1 0.38521829991727446 0.35322234354849474 0.07414661201270878 0.06330359145493267
1 0.42597966761202616 0.36631850410280425 0.08655688311602727 0.18985248586728984
1 0.4725625669634031 0.20912582421734222 0.0952500446422686 0.13176755958255468
1 0.48039443222252276 0.3448573686879549 0.059721647726523844 0.16556351532512995
1 0.4306456225627203 0.49843661278670875 0.02913412094116268 0.08742746413644858
1 0.4020939285690748 0.5278043878344242 0.04906479139585791 0.055424142544444416