1 0.86796875 0.6655246573487072 0.05 0.04708268312697827
1 0.8328125 0.6677607664833395 0.021875 0.030659649477809126
1 0.7578125 0.6578969862957582 0.0625 0.06495091488433273
1 0.75703125 0.7079466776098612 0.0828125 0.05892581588027746
1 0.68984375 0.7012445208666164 0.0703125 0.11910636461072788
1 0.6703125 0.628096559816751 0.0515625 0.08132840721859905
1 0.6421875 0.5786659349293348 0.0359375 0.05350531264385725
1 0.609375 0.5600212628045851 0.0515625 0.078889382828355
1 0.5765625 0.6352790297042256 0.040625 0.07575468004066994
1 0.58046875 0.7106403292312719 0.0609375 0.07460762981710248
1 0.64140625 0.7031058701458768 0.046875 0.15907903982178606
1 0.66953125 0.8318047877162197 0.0640625 0.10651371214668494
1 0.60859375 0.7759246126552733 0.04375 0.03936807944342313
1 0.50625 0.7507268577295877 0.096875 0.14518611319266705
1 0.48828125 0.63601609941737 0.0984375 0.14772452021111682
1 0.5015625 0.512000615370303 0.1359375 0.15498775206854565
1 0.4109375 0.5458135882940489 0.040625 0.10746199711384068
1 0.4921875 0.4113773989444163 0.1171875 0.12940491662763604
1 0.53828125 0.2864943919001477 0.05625 0.12552899412760685
1 0.471875 0.30169376335499515 0.10625 0.16285557969360953
1 0.43359375 0.22120180847774648 0.059375 0.06719117401816492
1 0.421875 0.09389839770148573 0.0765625 0.05608926097721006
1 0.36328125 0.10616183162505986 0.0703125 0.143496608513167
1 0.41015625 0.18122913326668838 0.040625 0.05868150930896263
1 0.4046875 0.2657233139288236 0.0265625 0.033396821752670676
1 0.38125 0.2135555167665459 0.03125 0.08979253061289807
1 0.44921875 0.7824031041469073 0.034375 0.053405930015651394
1 0.4125 0.7554703032268185 0.0703125 0.07520392558633764
1 0.51640625 0.8488613584511275 0.059375 0.09158141792060394
1 0.45703125 0.8636135080790486 0.0453125 0.0516625840228485
1 0.0796875 0.5388339249858903 0.1375 0.09898957372114188
1 0.06328125 0.6581701255088814 0.090625 0.18869102170423357
1 0.06171875 0.8424158496005019 0.053125 0.1960619361882683
1 0.09375 0.8976955788930131 0.025 0.05037060985617206
1 0.13359375 0.6073564438249827 0.053125 0.0814277898468049
1 0.134375 0.7085262647060017 0.025 0.043053536685440354
1 0.1109375 0.6844072480315289 0.0390625 0.0829723705831958
1 0.265625 0.6587147093025614 0.028125 0.06276449706380356