2 0.7144320992665114 0.43772578864422335 0.38421137512722703 0.500322470047751
1 0.45488846287617496 0.5355630548014743 0.10186014427970277 0.19082838584218215
2 0.5906002073490614 0.08694948392756723 0.5155754146981227 0.15065483066218985
2 0.22543163056952262 0.6235268131541767 0.177167679126093 0.15756450725639404
2 0.5711235872856119 0.5794172369227921 0.10965777531256152 0.2800545769491748
2 0.437125587918584 0.6972445992665113 0.14277283175849825 0.11110616950744615
2 0.30158483656782165 0.12289438529402803 0.140431570958725 0.17812997840045358
1 0.3874057746795893 0.16724707521989424 0.03886409255827132 0.04037202885594056
2 0.6655382091631599 0.13248272793711743 0.5313095421027845 0.15432546768549843
2 0.5897594483633867 0.19694204282057465 0.7097817716843643 0.2151786660488851
1 0.4259276160567344 0.28719747667117307 0.07836310217691818 0.05423612141421197
2 0.9134251268565075 0.23711569735189642 0.11039684137714509 0.12246033175849824
1 0.46355659082899087 0.3368899418247827 0.13737600362819702 0.09062997840045366
2 0.31808537812245186 0.4613393264010206 0.17564985226173632 0.3822371250424091