2 0.7191969902374427 0.4880236414305864 0.3433702884420445 0.47583853071290694
1 0.4365026649054776 0.5050453200588609 0.08544766237139498 0.1853567920114539
2 0.7309550842107596 0.09209352343249544 0.5087851684215192 0.17309643340226954
2 0.18583504439397286 0.521658466024817 0.1664522226762452 0.1441147213558171
2 0.5338003666026798 0.5788288127386785 0.0828499031980126 0.27594542934436317
2 0.3647009086589617 0.6510748880489977 0.13494769262201595 0.10000109468490823
2 0.42779372277444117 0.08231634472467915 0.12746244554888228 0.156160188017181
1 0.49531302088084705 0.1401293920671333 0.03615566861791066 0.03791817067154524
2 0.7549470961146162 0.1876787434356771 0.48965337334017517 0.1072532573997242
2 0.6625 0.22578125 0.671875 0.1546875
1 0.49212490924813695 0.2635214387332697 0.07527271077238851 0.04774770401018138
2 0.96328125 0.35625 0.0703125 0.11875
1 0.5119925025340828 0.3215612054025877 0.13169542759490122 0.07808973201781733
2 0.32962543012898404 0.3959964893777707 0.13968168617910823 0.37659995735199914