1 0.559400263014687 0.5661996333973202 0.27213349240055573 0.21405445140261464
1 0.3858523538203814 0.639074572896078 0.1405185100679862 0.1304874515990063
1 0.7985348449866662 0.5952730132785987 0.05403549620027803 0.10654998184962743
2 0.13634005024940907 0.7873813044511178 0.2566578820275698 0.4217487767345796
1 0.6185531382053119 0.7767644286750558 0.22177112290951406 0.2653169695529872
1 0.7336878289347564 0.7635962872827038 0.09008471181534752 0.24580337939029953
2 0.2797796193036104 0.8670046510567133 0.1013482137152085 0.19275110226293607
1 0.5178251331713188 0.8421854164766115 0.061412891526875055 0.15502384328594587
1 0.8664269405420132 0.7995378115813966 0.21428331838861112 0.14497719847574847
2 0.6912588200041319 0.10566315095851753 0.4518573599917364 0.21132630191703505
1 0.45282752716673585 0.34575584407151283 0.13161628875333342 0.15074540944452863
2 0.11542236540697906 0.43521481645317034 0.23084473081395812 0.3013181020665446