2 0.7361485190341354 0.6136289955141605 0.1258817648307229 0.1551996285298145
2 0.4163263775435876 0.6729264053184988 0.15730552341492993 0.45450094655564544
1 0.9080462449318343 0.6047216937856655 0.1744010780624393 0.17067151583511767
1 0.5542531035394825 0.7298403318823915 0.07473742134838535 0.2255743130112659
2 0.6392048204601911 0.7625187880714555 0.15395326443793955 0.41534751834239997
2 0.21662531763152076 0.8958878468595792 0.3412704154946529 0.12084867524374446
1 0.8850304048673425 0.801451941278383 0.11233741529826133 0.24385295157021042
2 0.8013139350197676 0.8249780209826966 0.07107609016268768 0.13329588479802085
2 0.9778446187629889 0.8253093269343335 0.03222266842151918 0.16809678213245363
1 0.750973046554282 0.8850266223946225 0.036337475799503235 0.06979567445232178
2 0.5554696490136098 0.9235221357224574 0.11005677693097127 0.1203699874635877
1 0.7780349954228137 0.9326685005287254 0.03293976502711473 0.022829746239076344
1 0.3602779280858806 0.2371313093168493 0.10976692720211778 0.339074523356965
2 0.7146836269544125 0.2896833109662019 0.5550077460911751 0.5793666219324038
2 0.44740976854315606 0.3035514142585896 0.1551350111182897 0.6071028285171792
2 0.18662330122966403 0.4508170392585896 0.37324660245932806 0.8577409214828208