2 0.5405062232146388 0.07362311418135666 0.17523755357072232 0.11019203657757744
1 0.5077741749222173 0.5155731922422464 0.07073306006354407 0.20586268083635878
1 0.5800622321463879 0.5396274575652856 0.062102353895033956 0.1586693458553869
2 0.24175766274735278 0.571969136387297 0.09585006249917623 0.1241325197716634
1 0.3365656022767715 0.604759073155155 0.0672886858759707 0.09798651384016459
2 0.9165720710238882 0.2069992772603994 0.1620944456152035 0.2517428666156336
2 0.7162544711860439 0.1722555682494201 0.2247853603878557 0.26522704646340917
2 0.24943516396187349 0.13212538638729704 0.429254672076253 0.2610674229648745
1 0.5248112650175336 0.21136319471370432 0.1625387305182393 0.1877440336118279
1 0.5739600568204286 0.35174545558811926 0.07208528003177221 0.10442751482874754
2 0.7452486757329962 0.39234257516950233 0.2803262483751471 0.22689405832640733
2 0.19977608319875273 0.36915054250907653 0.39955216639750546 0.328926085018153