2 0.07974313868554458 0.23641229231696728 0.1590135626989076 0.409528356542536
2 0.08548625071608865 0.6213768054000204 0.16511811203054405 0.3882624319807079
2 0.23604768268618095 0.24132243844822807 0.177981738701453 0.4419872673490307
2 0.25411807204804326 0.6006369824731189 0.18944540268936255 0.28982974977617687
2 0.41322780068427195 0.2180909934746541 0.19049992003499838 0.4361819869493082
2 0.44782261871417967 0.5900945476331015 0.2054885733609078 0.3516382004036925
2 0.5959493940165447 0.20367149627099923 0.2106487880330894 0.40734299254199846
2 0.7740380313494538 0.19633270637254624 0.1668260626989076 0.3926654127450925
2 0.9232840533497718 0.1987566669957459 0.14656810669954368 0.3975133339914918
2 0.6096777287157705 0.6069278857773521 0.13237833736472596 0.3983042578554385
2 0.794324901376498 0.5283747511888855 0.14100790268936264 0.2888652640608248
2 0.93515625 0.5762032085561497 0.1265625 0.3502673796791444
2 0.9328125 0.8342245989304813 0.13125 0.17647058823529413