2 0.831229629296638 0.3961670960748427 0.05833975867281786 0.06990625648065595
2 0.8761245059675471 0.34787344399914455 0.07567270934118113 0.08921266167818546
2 0.9289136986394103 0.2887527604095619 0.10412497334499946 0.13246550956997527
2 0.9577750426480008 0.1920557319952067 0.042532945337363515 0.04587689654077264
2 0.3988722099777283 0.24231675127121088 0.13370448002863505 0.322986766012834
2 0.430992177275639 0.6383694562520793 0.0904442813494537 0.1820979929875008
2 0.22496144796309264 0.40926635675418915 0.124419292011454 0.13044952072222732
2 0.19075862328932022 0.48943304357030637 0.09276930267345422 0.0776402070182328
2 0.34566429929186554 0.45819321151938147 0.050581802673454225 0.07689395180762651
2 0.3092279073042741 0.31990168012569503 0.051381781349453794 0.181407015940643
2 0.7345615252625942 0.7790605953816007 0.031613626670908876 0.04805871987976647
2 0.7910387919319122 0.7483743770327003 0.02868862133990895 0.07413170774927198
2 0.21527517592300355 0.8583080294712351 0.044131808004454334 0.05065512944687506
2 0.5012870432845478 0.537377046799884 0.05517839600572696 0.06510038449267927