2 0.504108231382639 0.15707914320825658 0.345716462765278 0.31415828641651317
2 0.7023093420399654 0.11846134119517575 0.08623105357097245 0.2242773298043224
2 0.501713196047778 0.3914935259351889 0.22732883225631967 0.2609410212162154
2 0.36263447188333364 0.5479096786478314 0.1327060100679862 0.200504820055861
2 0.36303647501746567 0.7252421799209716 0.13877417211208343 0.18904094238673902
2 0.5816228208571532 0.7051163959928207 0.13750261284152784 0.20775198222655467
2 0.28439906268902804 0.4432752992668155 0.054761541603125075 0.10795610084532752
2 0.32872571846486115 0.08254234682334437 0.04807643692972228 0.16508469364668873
2 0.550352677430417 0.5537978397074043 0.09705814437666671 0.11684253221255751
2 0.4703586657469101 0.7393427751455295 0.09974803970326392 0.18968078814738976
2 0.7713314457634375 0.08255801312800684 0.0755104526972918 0.13701305241129164