2 0.5637875848203105 0.2734498977746202 0.24146257142762995 0.21809083582298455
2 0.1950780896882792 0.7258715699865977 0.07321140340856669 0.11823914812294463
2 0.2626826010523649 0.6313307145137868 0.08058752678536116 0.0812639234674748
2 0.3381814330333016 0.5442071577499916 0.12285684740221221 0.09047621500083261
2 0.4314308267026357 0.439330303904783 0.209503459414921 0.15571136061308982
2 0.41584100852141664 0.3077548671631341 0.06920574188232517 0.176405591327442
2 0.6313142297074605 0.10535170675215003 0.07512845941492116 0.14869457048157042
2 0.49274402231783904 0.8091307900880745 0.06030230032431163 0.08253969448758512
2 0.5498883206135557 0.7549066510020809 0.10747730925276536 0.11068834655476373
2 0.624111024753471 0.6922342139357348 0.13592959172016955 0.14019436022497717
2 0.8056825787312306 0.5954719009229649 0.3206046006486229 0.17552298358952456
2 0.83515625 0.47897196261682246 0.3265625 0.17289719626168223