2 0.4755573331987527 0.1621005031333459 0.32701033360249454 0.3131658757467149
2 0.6728277995135328 0.1315045940655165 0.0712046185055307 0.21246945153201813
2 0.4850299703752651 0.4228824008510752 0.21350121266133187 0.22434475872846568
2 0.35177536526241504 0.5931231790402698 0.12085006249917622 0.18282708935129208
2 0.35988609984113956 0.7693570624852205 0.12693642126547414 0.16885184102705805
2 0.577591797081196 0.7285528639692647 0.12559210957707698 0.18760386907055798
2 0.26929983035937893 0.4954177122313589 0.046485262174864594 0.1017310928417921
2 0.2972238275167099 0.10967719768214829 0.03203302434972919 0.2023969131828935
2 0.5402475300350674 0.5799826730379803 0.09023526217486459 0.10249590386792919
2 0.4676849630716643 0.7724154842912462 0.08639324188232518 0.17518391288105753
2 0.740519859984114 0.08925189523727858 0.06707049756436803 0.12556036207911164