2 0.24584341660126988 0.6815433255920164 0.12671091567683304 0.15478888589758905
2 0.2512332617449895 0.5418690640454377 0.14867684389007838 0.15980421588787905
2 0.34661029473537297 0.714061436351384 0.07505748746358769 0.1486217985395245
2 0.4323659383088822 0.7190607351990541 0.09385295157021041 0.1514325575788206
2 0.4170257463055833 0.5635381609050168 0.11314852084968248 0.17715998328478358
2 0.26102946206155864 0.3791265888101167 0.14765991316955063 0.1847435970790489
2 0.1778856561099216 0.15401511964459105 0.35360368778015683 0.3080302392891821
2 0.4191949662181937 0.21375032673592279 0.14755226458147633 0.25134964493688533
2 0.4844371844814515 0.06089429079820744 0.21858016693047427 0.12178858159641488
2 0.9152409036026391 0.09729582590016195 0.1653929824490227 0.1945916518003239
2 0.5526630325946721 0.35740451429660997 0.141938762074194 0.280273836368231
2 0.7737962350228121 0.41855800070496724 0.24476223370266403 0.1989186298931905
2 0.6718115008579298 0.19146038910983879 0.13110891066226812 0.2132434568485829
2 0.6100734011618637 0.695513833730155 0.11454588479802066 0.0981145542357775
2 0.7108462909744493 0.6562175632983528 0.05984166442319179 0.16676561045122185