2 0.21363016046291672 0.08357384850303491 0.18663532092583343 0.16714769700606982
2 0.3995676604629167 0.07925111371509755 0.19117727171162172 0.1585022274301951
2 0.5825984842842343 0.07946372220928467 0.1786772717116218 0.15892744441856935
2 0.7545462588913401 0.07755008858366727 0.1661772717116216 0.15510017716733454
2 0.20462549565677382 0.23973916075740714 0.19655397642635145 0.14551587217067927
2 0.39556086476336166 0.26791521656712913 0.17017556699689199 0.20010162529475334
2 0.5643836393704675 0.26441121679305485 0.17515416542531542 0.2095225182925928
2 0.7285189139775734 0.26106885075756087 0.1593836162111037 0.20435410953436234
2 0.8556999981379733 0.27638066574181996 0.1127269400324213 0.20968221659300423
2 0.9153018223735755 0.06718488053214969 0.1577825748547749 0.13436976106429938
2 0.2728361482618077 0.36947461077458815 0.08310790653397522 0.11154406985216052
2 0.4010917349034068 0.44384114249305506 0.15749147642635145 0.14416892434917714
2 0.5805801817602537 0.456190639989094 0.19244867328319834 0.16387275695061757
2 0.7556529563673595 0.45247112856357935 0.14648120181924557 0.1414769641443417
2 0.40482251054397 0.5873865999680036 0.15353172249741007 0.16715543875874508
2 0.5699766296505578 0.616451641339917 0.16247007485477488 0.1535898173470166
2 0.579413749790603 0.7922428724836927 0.16748721463952715 0.213882758357922
2 0.7363636089723935 0.5852237417009251 0.16755568114108108 0.11676829196141988