2 0.84609375 0.22780373831775702 0.3046875 0.45560747663551404
2 0.85625 0.552570093457944 0.284375 0.23130841121495327
2 0.6042783053496283 0.34625329839320534 0.23980661069925677 0.6925065967864107
2 0.38962552830778635 0.3546292022165858 0.2587748655085802 0.7092584044331716
2 0.1433408053496284 0.3481156106890752 0.2858085914619631 0.6682547599302608
2 0.23334827957373072 0.7217018845666631 0.1196974303072194 0.10951566357519003
2 0.41196435289470845 0.7396305992968601 0.16112103847458742 0.07753943330337988
2 0.5178621780297846 0.8231030349143972 0.12761905771188112 0.11432449597552974
2 0.6180779436388812 0.7302007884138714 0.21942461179556502 0.09957339119673538
2 0.7772346888295579 0.7180819158581548 0.0875744110699257 0.07158874518878423
2 0.673757513964634 0.8051974149449848 0.10637897477225663 0.07425143827670265