2 0.9215278366526396 0.6954968005834662 0.049583337748947895 0.05147282703559792
2 0.8807292218618497 0.652621162934019 0.07485615626060209 0.06420364251827294
2 0.8185913204105708 0.5983374305267519 0.10040179328391083 0.08878279923317546
2 0.7283656244942549 0.5785783609640872 0.11352184137714509 0.18395561157556614
2 0.6361682008104574 0.5409916249124284 0.0842510036281972 0.13319979486845726
2 0.5815972626986897 0.47632015859942145 0.0919543762235353 0.12873623157883102
2 0.46696927830778634 0.3799319628610327 0.19833335099579194 0.205891308142391
2 0.33499010280989044 0.2758280613361247 0.15576390507947585 0.1878144551196421
2 0.24821429990733276 0.168584307897262 0.22752977767481414 0.1856122320967881
2 0.30950397477225655 0.08432517984844695 0.08008929328391083 0.08806578890468678
2 0.20993557222466935 0.6419654201290156 0.14052085099579187 0.20385058643823092
2 0.30743062031790364 0.740116583066667 0.0876835384745874 0.0788628891221697
2 0.8697694184111379 0.8546762515985792 0.10245536660488845 0.11016496809183808