2 0.164566420593472 0.3744075829383886 0.06053876291777782 0.07582938388625593
2 0.12317900759944427 0.3222748815165877 0.07957970364722229 0.0947867298578199
2 0.07492399876572901 0.259478672985782 0.10995818787965286 0.13981042654028436
2 0.05221450379972213 0.16113744075829384 0.04447735182361114 0.04739336492890995
2 0.6061558149701387 0.26066350710900477 0.14880509517409735 0.3293838862559242
2 0.5470483462209371 0.6504739336492891 0.09978440729444457 0.1895734597156398
2 0.7682174442448262 0.4419431279620853 0.13027068787965296 0.13981042654028436
2 0.7974133285535066 0.5248815165876777 0.09505923328249999 0.08530805687203792
2 0.6441980627859373 0.47985781990521326 0.054361498100139016 0.08056872037914692
2 0.6900028316876388 0.3459715639810427 0.06061280452090294 0.18246445497630331
2 0.23514645184427038 0.764218009478673 0.03357621941479163 0.04976303317535545
2 0.18022321571197877 0.7286729857819905 0.032413762917777825 0.07582938388625593
2 0.7472996533072912 0.8886255924170616 0.04614895459715278 0.054502369668246446
2 0.4846223878240622 0.5438388625592417 0.057304660144236054 0.06872037914691943