2 0.90625 0.1883720930232558 0.184375 0.29767441860465116
2 0.7445907921027844 0.16638974719145821 0.19831848202865068 0.33277949438291643
2 0.8201786130615094 0.41839777070528994 0.2843452620657175 0.2795718534175141
2 0.5923016058051154 0.17415461931209664 0.17827880054030487 0.3483092386241933
2 0.5919172038056824 0.42444063662574383 0.1929018065307547 0.23997788916048773
2 0.20890626324684392 0.14322257868740515 0.16468752649368784 0.2864451573748103
2 0.3234598365678216 0.16114800084741754 0.16254467313564325 0.3222960016948351
2 0.4202901965492882 0.18970096147018226 0.13745539309857638 0.3794019229403645
2 0.39280758121034404 0.43944621362620384 0.09902283175849824 0.16309341148603856
2 0.2887351509031246 0.3377481904098402 0.1301438569862416 0.09270582115889138
2 0.38153775371301507 0.5925433003940449 0.0888293762235353 0.12772242400475836
2 0.8063194989036916 0.561151557831823 0.16818949400955036 0.11791070131657035
2 0.6063740626060226 0.5738721589828549 0.11172123920022674 0.10568477642888924