2 0.6970521014083146 0.7875349298510107 0.04460452267663584 0.11300683702301287
2 0.7482509747374058 0.7374301247814671 0.07138519867918128 0.14280190021220288
2 0.816537350731997 0.6733623721691806 0.0794158746817267 0.1714491640333816
2 0.8788282653962243 0.6425410691114894 0.07687267735518084 0.2463752350307318
2 0.953125 0.5845070422535211 0.090625 0.25821596244131456
2 0.2319970767027256 0.38504831557937524 0.09498633068109026 0.16536340998559773
2 0.32004196936663487 0.34912766163010484 0.09553177068745367 0.23578594519686533
2 0.40814140603118043 0.3202492612019612 0.09240677068745348 0.23559464530219665
2 0.49141698269413503 0.27405217681300353 0.10819540268936265 0.25767790533892
2 0.5982027846912716 0.23581001457553374 0.114627216024817 0.28153468353201305
2 0.7111840426877718 0.1901429990276 0.12442038669636232 0.33609919354465734
2 0.8206772213558171 0.19870571867664055 0.11172039202736243 0.3095123977218514
2 0.93671875 0.176056338028169 0.1234375 0.352112676056338