2 0.09998765335019537 0.6130952380952381 0.047857146641955416 0.04285714285714286
2 0.1413294159640671 0.5761904761904761 0.07307540145127885 0.05238095238095238
2 0.2036012374709463 0.5321428571428571 0.09700397477225646 0.07380952380952381
2 0.2940898282151191 0.5261904761904762 0.10549108656782166 0.17142857142857143
2 0.3865675048941414 0.5047619047619047 0.07783731252120454 0.12380952380952381
2 0.4415625397405318 0.45 0.08704862141421188 0.11666666666666667
2 0.5577306875636135 0.37142857142857144 0.19002977767481416 0.17857142857142858
2 0.6902232398331989 0.2892857142857143 0.14756945916315978 0.16666666666666666
2 0.7786929735911302 0.19523809523809524 0.2222420769491748 0.1523809523809524
2 0.7179439573490614 0.10119047619047619 0.07674603847458741 0.0761904761904762
2 0.810863155164294 0.6785714285714286 0.132380968781807 0.18571428571428572
2 0.7127456028947085 0.7607142857142857 0.08584821996293304 0.06428571428571428
2 0.1499281443645207 0.780952380952381 0.09905754809323422 0.09523809523809523