2 0.9309825392664122 0.606400514375283 0.07799882535008998 0.1687429104180334
2 0.8570728719366848 0.5750160908009277 0.09582267202418074 0.2425933596955512
2 0.7767404819382755 0.563762891206276 0.10405334269572589 0.29093447300351394
2 0.6986154819382756 0.5680073576192355 0.10358172270845252 0.41584958367525476
2 0.5930109192791388 0.49982149860752695 0.16531810669954403 0.33174515680562233
2 0.5378132472549582 0.7402077357683393 0.25330790802036274 0.21366718184972958
2 0.4300291139401846 0.563858322079816 0.17828972668681722 0.2075091607599551
2 0.6411864319700923 0.2587755967572143 0.20014654535327167 0.20661427802225027
2 0.4498256353039559 0.26396620613563154 0.22262262404517977 0.4556345059562864
2 0.286190943984728 0.13438036360030928 0.17847154002227175 0.2283424940932883
2 0.11414322131604626 0.1635098563754867 0.19226132001909005 0.19785649804762104