2 0.14428080117327713 0.5245327102803738 0.06544643992586621 0.1261682242990654
2 0.06044151451278827 0.514018691588785 0.10014882213985135 0.14018691588785046
2 0.24234627894075852 0.5420560747663551 0.13625001324684388 0.14719626168224298
2 0.3617510433687288 0.5700934579439252 0.1266021947351897 0.13551401869158877
2 0.4615972759455337 0.5969626168224299 0.0687896947351895 0.13551401869158877
2 0.5383681070710596 0.572429906542056 0.08332342068857254 0.08878504672897196
2 0.6259697999921509 0.6436915887850467 0.0692063569862416 0.08644859813084112
2 0.7162227777596322 0.6612149532710281 0.08828373920022674 0.10046728971962617
2 0.14937006134007816 0.24065420560747663 0.2831151226801563 0.48130841121495327
2 0.3869543960938012 0.3446261682242991 0.2513889183263198 0.32710280373831774
2 0.6096131352940282 0.44509345794392524 0.2300942716843643 0.2850467289719626
2 0.8064707771266602 0.477803738317757 0.2254811827542902 0.35514018691588783
2 0.93984375 0.4976635514018692 0.1171875 0.48598130841121495