2 0.8578125 0.25538793103448276 0.28125 0.41163793103448276
2 0.97109375 0.5463362068965517 0.0546875 0.1788793103448276
2 0.24699377678536125 0.07112068965517242 0.1721125535707225 0.14224137931034483
2 0.13649402231783905 0.7230603448275862 0.260224028406919 0.4375
2 0.40760713757695877 0.8480603448275862 0.21149442775829588 0.29094827586206895
2 0.6009229407439394 0.5668103448275862 0.14571369480442442 0.15517241379310345
2 0.4350722495929629 0.24030172413793102 0.14946598620028234 0.20474137931034483
2 0.150465424511885 0.22198275862068967 0.13581258928453738 0.23706896551724138
2 0.6883719423654973 0.9331896551724138 0.2235114123370204 0.12931034482758622
2 0.6809966298696163 0.10344827586206896 0.1441784683433749 0.15732758620689655
2 0.09450357102059284 0.42995689655172414 0.18087962743398434 0.21767241379310345
2 0.5009035754848197 0.4418103448275862 0.09733074188232518 0.15948275862068967