2 0.4953125 0.6570702044922472 0.05 0.10246630275197834
2 0.48125 0.5503881800982303 0.1 0.1592336807727739
2 0.46796875 0.4194656707989827 0.1171875 0.18445983255882004
2 0.45546875 0.2898403110031063 0.1296875 0.16639361254788998
2 0.44140625 0.16702925435102492 0.1546875 0.1894009574722662
2 0.41953125 0.07551626181650384 0.184375 0.15103252363300768
2 0.38984375 0.643245344117766 0.1203125 0.19271209476038872
2 0.3390625 0.5038230995169106 0.1765625 0.20146786815206313
2 0.2921875 0.3870156346909763 0.19375 0.20787681563703417
2 0.25390625 0.2535628359075026 0.215625 0.2065028661017774
2 0.12578125 0.16986257541912447 0.2515625 0.19253291367788006