2 0.11683631968748838 0.5689307112815709 0.06159677956950458 0.12401072440379692
2 0.04031457299500265 0.5628551585873691 0.0806291459900053 0.1326516792582931
2 0.2150554958661708 0.5802230308587357 0.13234592721213972 0.14108868298027655
2 0.3341137109199827 0.6006107006256667 0.12267982878371626 0.1313349863227272
2 0.43356790136668877 0.6224850226052578 0.06494010339082212 0.13115603761986472
2 0.5104043831697237 0.5919037279079868 0.08067211124870503 0.08517488647646215
2 0.5975019687778655 0.6588629115752659 0.06653683664159918 0.08222658448079248
2 0.687908644956548 0.6698153125982423 0.08416098428423435 0.09699309688879178
2 0.12794306348223536 0.2639221936592397 0.2558861269644707 0.5038000642287944
2 0.3607404851128038 0.37365675869338033 0.24078347353086738 0.3161363555591129
2 0.5833389230783105 0.4605492167923203 0.2207963052100677 0.2756009248608368
2 0.7798136627392283 0.4819656316475843 0.21360454342324342 0.34528648053973615
2 0.9289596381321225 0.4907945246307111 0.12571074524248899 0.47912590889003415