2 0.12689237141421195 0.11411207089880412 0.2194097428284239 0.22822414179760825
2 0.30631697658635504 0.1319233832320184 0.17513395317271013 0.2638467664640368
2 0.4635391995445131 0.13653180850649954 0.1614533990890262 0.2730636170129991
2 0.583452395460829 0.14390158057184682 0.11167165389834963 0.28780316114369364
2 0.6751860276748142 0.1478051663083008 0.11625002649368774 0.2956103326166016
2 0.85703125 0.19158878504672897 0.2828125 0.37850467289719625
2 0.49610370680090715 0.3806922329525754 0.21806549763774719 0.24756354168326683
2 0.7984375 0.46845794392523366 0.4 0.3247663551401869
2 0.5106076948200077 0.5999104989118487 0.20641866950744614 0.21671382393170222
2 0.3701116695922642 0.6785269231401312 0.10274803248413758 0.18886241303510856
2 0.2942783450901601 0.7800569498035093 0.060649812521204535 0.12401072440379705