1 0.08337051532170224 0.3104249958387848 0.07861587939029938 0.15284889483679906
2 0.9552773315784808 0.3278064059500534 0.08032382513557294 0.19746576131292232
2 0.5222148467037914 0.3909399630945763 0.09167039129415606 0.323154300183389
2 0.9578114582383058 0.5089621444733303 0.06143746974937869 0.1550995752986086
1 0.7536506781840765 0.5806114871665549 0.13978063836728988 0.22438301052537982
1 0.09569727761834239 0.6033173859554696 0.0900897105759968 0.3175346481919454
1 0.20503591618202394 0.6178629417910553 0.1180874455488821 0.2794126180212153
2 0.09895967476623088 0.08247464240373766 0.08009656615858281 0.1278278783045657
1 0.6193160639190876 0.8034738602825364 0.07087610226293624 0.1748899106455984
1 0.7019831181738138 0.8506190369989587 0.11161018657189174 0.2095802496097589
2 0.668440927791293 0.11551745902305606 0.2474931444174139 0.19709721520517656
2 0.919176725995895 0.13724876242411155 0.15539654800821018 0.2220837087127954
1 0.2597244579437182 0.1404074326199115 0.1598295179539809 0.14423514379576097
2 0.4234006176828344 0.26389707556549047 0.08274081888905727 0.4593528227751179