1 0.9186804891794473 0.3574072265624867 0.08861988229073817 0.1665556349195888
2 0.05509301379005356 0.21207065295886626 0.0940348079967011 0.2111455382384351
2 0.4775242917658721 0.3558268261242129 0.11326819279472175 0.336678887444575
2 0.038120810966201964 0.39028480735984944 0.0713869181841155 0.16324450793567105
1 0.23464881848804936 0.5007937150101727 0.15551787727617325 0.24636983693899184
1 0.882747686197311 0.6444880635029432 0.11161476458147632 0.3310748455975521
1 0.7735318105704906 0.63815988168343 0.13606919530200406 0.29851729292769513
2 0.9208915100291298 0.12690015729839835 0.08821070533113406 0.14155563491958884
1 0.3500882988920081 0.7470845137129264 0.082688131037097 0.18580613419816402
1 0.2644546757724699 0.7788936832645594 0.12555759263643723 0.22878193073444714
2 0.35633491653476285 0.08671403535493336 0.2592051669304743 0.1734280707098667
2 0.1050224691211876 0.0746605959597291 0.1712050617576248 0.1493211919194582
1 0.7572238151228371 0.15557808586783928 0.16835284639736087 0.1718062135621974
2 0.585501927817534 0.24697420274888293 0.11388796991261038 0.46996373448644113