2 0.5068363810874323 0.04343596426531648 0.2324227621748646 0.08687192853063296
1 0.7440029646899269 0.3305587971230001 0.5111398717519414 0.3027206985176538
2 0.23480742248329012 0.09584193662580447 0.29875687418757346 0.1715474277746629
1 0.7405973210205927 0.4405350255694175 0.14289661201270878 0.06569637502419534
1 0.9475427962638264 0.49293611411396554 0.05757849512873605 0.24956690196832823
1 0.9002138287312306 0.5226321313565928 0.0685978157455871 0.2569569178760125
2 0.6945954797074606 0.06133609181183761 0.11419095941492116 0.12267218362367523
2 0.8039568429379853 0.0583188983910691 0.1204136858759707 0.1166377967821382
1 0.5342443607948928 0.1041194787400824 0.05723184740221221 0.08606988154392528
2 0.3769364212654741 0.15283630372585624 0.1153716298696164 0.11611937817746638
1 0.6293795827917157 0.0856152947221176 0.034975017856907445 0.0525982609435099
2 0.15041087743398435 0.23084226188177548 0.10155459172016937 0.1366579825578402
1 0.24712223620028234 0.21345192071812016 0.0610386858759707 0.14458985938670824
1 0.30121940097293465 0.22793090106095498 0.03730117694751698 0.1180732031359294
1 0.925732431411744 0.09750627262310373 0.09724892126547431 0.16920511859740409
1 0.6268370097392326 0.2025736782405496 0.13598413879807011 0.1425272715387333