2 0.424218096789618 0.06904786779548434 0.22968880642076392 0.11091118808174488
1 0.24587358482177074 0.4545221302580376 0.4917471696435415 0.24707242953015976
2 0.7000902657675694 0.07523478207740468 0.29669446846486114 0.10211112285699415
1 0.25713316745933995 0.5597335558698303 0.14284211664125 0.04846908349696005
1 0.06374488373999962 0.6793007249796468 0.044443597073958466 0.2482547482023508
1 0.11434429578409684 0.6932576578851674 0.05549019984750014 0.25577512190580043
2 0.24107763525861103 0.13268682603542073 0.10447190729444458 0.19223311463733225
2 0.13215657693798605 0.1490665362171652 0.10959581838861121 0.22060703737140627
1 0.4094821431423957 0.16236400690340128 0.052798998100139015 0.08206620171800713
2 0.5698202310982985 0.1576279632283963 0.11093880642076392 0.10572016895938056
1 0.31389688620854156 0.1758031648316889 0.031977351823611146 0.04831441447129183
2 0.8019787676674305 0.1595549789406489 0.0956774823325695 0.1285113185312464
1 0.7047946431423957 0.1752732518261231 0.05370818787965277 0.14075164772739682
1 0.6542854968658679 0.2059514093293332 0.0314695119678472 0.11632122895899485
1 0.03669925978364578 0.28571097932357664 0.07339851956729156 0.16297125442180116
1 0.33324499183187484 0.2894013100927686 0.13157861474138902 0.12773486700421793