1 0.6015988614363185 0.06533519196375609 0.018822722872636886 0.03153201960262536
1 0.5490874606741927 0.31369734116705417 0.01571590359079611 0.03876107750905424
2 0.6296062076491306 0.34103224614392685 0.1270170179539809 0.19785985890948155
2 0.3242738130353248 0.371642693950531 0.06898634933607006 0.10313301070276
2 0.3789749485739443 0.38183830043821326 0.03469316256778665 0.13396350909669835
1 0.538309041958086 0.37832488653618435 0.017378397540672098 0.08009036878055892
2 0.5602022226762452 0.38764657482414117 0.022156801131468208 0.11793592049769466
1 0.5259453973442803 0.43345834662631927 0.01428975897699054 0.09481006339110762
1 0.5415794877033598 0.43851155896683414 0.011028403590796109 0.03836870931251774
2 0.6580402798578376 0.4707272792931832 0.07518180718159222 0.08118425818578233
1 0.5901351623713949 0.49125516890782356 0.05796703610435348 0.06850961974230219
2 0.3387499243734474 0.5432317835588671 0.052135192622015936 0.24027110634167673
1 0.5813545391294156 0.09172481741921407 0.01895907825883114 0.08771179488352424
2 0.4051925358097659 0.5637716064180404 0.03938066256778665 0.13435587729323484
2 0.647751698770336 0.09353804851808777 0.042378397540672096 0.08218299916208684
2 0.4126590812838932 0.10007147245625993 0.017451120413308985 0.11005291559703831
1 0.5192414002711465 0.5677012550056718 0.0178147347764936 0.2598656496794353
2 0.3763771894005621 0.5988051860599979 0.025581782981095546 0.2417930049133632
1 0.48884082796424355 0.593240749368634 0.044331782981095455 0.24336247769950917
1 0.49466760538619425 0.09757462001549871 0.07984203610435348 0.07034067132613905
1 0.5685056020665445 0.5905477128296045 0.015752265027114732 0.053742350917293936
1 0.5341533279642436 0.5970336419351535 0.015897710772388506 0.11366744455025274
2 0.26869195442767674 0.6422151744684976 0.08231357201231529 0.44500329593097715
2 0.6483340026322786 0.6552704066276538 0.04752950585373235 0.27358660331367957
2 0.4468987676593933 0.6908330311054236 0.028343168617910842 0.09224184962865718
1 0.6110703519683487 0.7495097382089199 0.01887726502711473 0.05400392971498494
2 0.49321068627730413 0.784578958820804 0.05643180718159222 0.07961478539963646
1 0.40033283986810025 0.8142501731100962 0.040761355386194256 0.059580299650881845
1 0.42845783986810027 0.8166043822893151 0.011046584308955332 0.04585934601663759
1 0.5518726139704013 0.8175734489179595 0.04540340359079629 0.0412460760871185
1 0.4636822675611974 0.8476370314037882 0.04540340359079629 0.0412460760871185
1 0.6089447705862595 0.8392011945600899 0.012590903590796287 0.03849949871136324
1 0.5658204427202118 0.12787010695135834 0.01289088544042354 0.16209500432934076
1 0.6299329396951496 0.15383172324035332 0.01726931323171659 0.03514654855583981
2 0.3495959999018041 0.18466214225245547 0.11626132513557322 0.27185070015876156
1 0.6401573673882468 0.1827717419732985 0.014117042154477667 0.023649014701969038
1 0.4930142017953981 0.05999064709605397 0.02977840359079629 0.03993818209866367
1 0.4972840661585828 0.21013035467556468 0.1348386083130606 0.20225912425576897
1 0.593345999901804 0.20506528847235306 0.03917158430895533 0.04821355519585652
1 0.4270170179539809 0.22297142348781698 0.009674981849627428 0.12438024201105052
2 0.8573221414905478 0.19158817253267277 0.06752384328594588 0.14420072317657362
1 0.6472567950813439 0.21145018190855266 0.015697722872636887 0.03127044080493439
1 0.4184823552879983 0.24659665108255624 0.014307939695149586 0.10230070009522746