1 0.39543523092527655 0.0033825261662062825 0.018995461850553053 0.006765052332412565
1 0.45196369480442444 0.23738826816159483 0.014307961850553141 0.03455922856024869
2 0.37245347280760166 0.26717912055026766 0.1263364034085667 0.19152150096672121
2 0.6782358685055306 0.2888639376374697 0.06943183847375849 0.0980607061287115
2 0.6236029155834313 0.3001266092357833 0.03532957386326192 0.13298557694495278
1 0.46415973173605546 0.3018724931176065 0.017732970779006863 0.07582114668143161
2 0.4415716655834313 0.3127751308394665 0.022720479707460585 0.11719163580350458
1 0.4770551980508354 0.35510840272242694 0.013181838473758489 0.09415215009667216
1 0.4614711083592608 0.3617911276566999 0.011210235389503253 0.03807342984205075
2 0.34525577313191325 0.3959990702080784 0.07551819724005648 0.07610693043077903
1 0.41340180113509045 0.41552996301264766 0.058276150162155815 0.06744996285382493
2 0.6661955645277711 0.4595629105480196 0.05169095941492117 0.23481755561056902
1 0.41671989569792894 0.028741932145051018 0.01781479139585791 0.057483864290102035
2 0.5999120454530475 0.4809682228619634 0.03998980032431163 0.12957994666404068
2 0.3503136456979289 0.03145620716730064 0.04125229139585782 0.06291241433460128
2 0.5848250133926806 0.03687163541042468 0.016388659090609537 0.07374327082084936
1 0.4858631822225227 0.4907595775687233 0.017506874187573372 0.25854839657606404
2 0.629091030842551 0.5162730921813196 0.025183006492821746 0.24043453516260352
1 0.5173040969951751 0.5147075605359982 0.04390573295387146 0.2380060438897012
1 0.501971603084255 0.0278019182005943 0.08015115016215582 0.0556038364011886
1 0.4375756866867496 0.5146476666560142 0.0159795560063543 0.049593172695467015
1 0.47122398376465036 0.5197760767040438 0.016443206168510117 0.11302600851636253
2 0.7380393368489054 0.5572348703060327 0.08128873051823948 0.43826437094002163
2 0.3583245633099551 0.5798862802387169 0.04724892126547413 0.26807393216013786
2 0.5609955957773591 0.6106024550264489 0.0272170649348082 0.09139794582109985
1 0.39730128855318875 0.6723755444482556 0.01913182954530477 0.053541657980829035
2 0.5155700474816425 0.7052232100004647 0.05679547077900686 0.07853542170368134
1 0.6087842593321955 0.7323453249997495 0.04100682954530477 0.055061651993288954
1 0.5806592593321955 0.7342996030157692 0.01126478246740419 0.04553611640921493
1 0.45719448579324523 0.7391453688024958 0.04558523538950325 0.04046199186163038
1 0.5457211976437982 0.7665931968044506 0.04558523538950325 0.04046199186163038
1 0.4010808534879969 0.7617106412524458 0.012772735389503432 0.03818200084294061
1 0.4326176310874323 0.06540393897553201 0.012110262174864595 0.13080787795106402
1 0.3687460458600847 0.08077481287249813 0.015870461850553054 0.034667799561138656
2 0.6495284415580136 0.11844547539500322 0.11594437418757338 0.23689095079000644
1 0.3587943474022122 0.10946559900514871 0.014198867694751626 0.019633855425920308
1 0.5048238676947517 0.001611069278182838 0.02839773538950343 0.003222138556365676
1 0.5020085592527653 0.13311344197595393 0.1341489034085665 0.19206435597117108
1 0.40506537540538945 0.13051648582217776 0.03780000892845372 0.04365048014076265
1 0.5724437901780418 0.145018791712024 0.010275026785361163 0.12378575436354884
2 0.14160684740221224 0.12455696812885658 0.06816934740221221 0.13899691124722457
1 0.351981285713815 0.13980491477781035 0.015843188311602675 0.03093645627755657
1 0.5812011814117438 0.16680971090862162 0.013236385551659069 0.10161483666383629