1 0.6391220089856746 0.15912608185231747 0.12967263103285873 0.13427860797824154
2 0.49205603602751663 0.16858139961453664 0.15067461179556502 0.09708573325243165
2 0.2278298449205241 0.17788797260063816 0.37158731252120447 0.12470328933501276
1 0.7638938304925539 0.2012561395631074 0.04193452885594055 0.05642818592309542
1 0.45975940199943305 0.24711749232788624 0.030396828130301045 0.030632099921514312
2 0.5274007697854479 0.26054488579336155 0.05794147477225664 0.07291925671307105
1 0.6862574146133047 0.2813546553243956 0.15412699400955016 0.11113161096182868
2 0.25212795127379356 0.27461950739786656 0.3516369110699257 0.07313830345246261
2 0.8372742775899962 0.30340061445602484 0.06672125244707061 0.24819368075380202
2 0.7452480126138716 0.030918615791272138 0.1327232199629332 0.061837231582544276
1 0.4948139590783419 0.31805973765368656 0.03423115626060227 0.061033117817827304
1 0.3840029446503716 0.3470554315828276 0.03708333774894808 0.04937806094778502
2 0.20110859909687534 0.3521504925358224 0.3051438569862417 0.08908565183019929
1 0.6881993713293939 0.36543282220634093 0.08428571996293321 0.06380454434574914
1 0.43477427096657423 0.38048536526562776 0.0642460384745874 0.07531007755242573
2 0.6239632896557137 0.040729972499274986 0.10508929328391084 0.08145994499854997
1 0.7467187102594682 0.4350029473284863 0.07998016587924894 0.08011890535174715
2 0.14828121025946822 0.440209089425673 0.21668155771188108 0.1140117819721984
2 0.8013962865756709 0.46839889836052157 0.03644842068857237 0.08908409405570336
2 0.16269588512439198 0.525346736124236 0.1919890925582714 0.06006956831059938
2 0.22598456960796262 0.5913714091682672 0.07620040145127885 0.05205433605356513
2 0.3329017800370669 0.06265593074989464 0.47482143992586623 0.1253118614997893
2 0.13392355517999235 0.6202039863737365 0.07611112141421192 0.11512485514279175
1 0.21737097224036778 0.6591895872854385 0.09102679328391083 0.08488695397015042
1 0.04847463930074325 0.7003704674365545 0.07943452885594053 0.056754419370438736
2 0.8158308419252993 0.1178772363996715 0.11797123920022656 0.10147317618226796
1 0.7267137782229683 0.12098848943524265 0.05169147477225646 0.07286488447184714