1 0.680501010251619 0.21386119889107272 0.142827395460829 0.1636345999036181
2 0.5337797776748141 0.18445005169630774 0.1576885036281972 0.13119618993794246
2 0.2708060625212045 0.12615790460268228 0.3798016058051153 0.21213236643126246
1 0.8025049850238755 0.2883845075759314 0.04840278366526398 0.06623617197213207
1 0.4971627205959053 0.25504565143931573 0.0336855192372937 0.037954105427221434
2 0.564251016875041 0.28540670815061503 0.06446429328391083 0.08519963116533504
1 0.7203298912844778 0.3476776644436977 0.16270338584218216 0.14529644264917427
2 0.2903670835725968 0.2280924760703457 0.35510914065150556 0.15798624306201886
2 0.8693502338427492 0.40865805475404465 0.0919395072563944 0.25850463303925153
2 0.7937524892002268 0.11423752589273688 0.13812004809323425 0.09582321647619242
1 0.5278968546239889 0.33381963973178785 0.04064484736759475 0.06843668536618489
1 0.41701391832631984 0.3342258084320097 0.041989092558271324 0.05911807801447715
2 0.2348636172378607 0.2925207098282392 0.3099057680561674 0.16187071607462752
1 0.7176066845683886 0.4317082528539611 0.09097222958158006 0.08332536226106971
1 0.46495291052177146 0.3806021673200297 0.07076885698624161 0.08764482792672833
2 0.6729489158792491 0.09111608636675668 0.1118849303072194 0.10937972837111198
1 0.7711061960011341 0.5155493504345213 0.08661211179556502 0.09726249272740786
2 0.17723465571244806 0.3662539574174326 0.22563989546082905 0.1650755130668458
2 0.823759970047751 0.5631754947440536 0.044424611795565026 0.09652844262538611
2 0.18628476269868974 0.4528248972319439 0.19615080290255768 0.10617493137889358
2 0.24522574228026972 0.5355929251562935 0.08126984736759475 0.06914354842739087
2 0.382968756623422 0.08023176880013237 0.48156251324684396 0.1555154961718222
2 0.15239340153609685 0.5398164177230913 0.08737600362819706 0.12997277310123964
1 0.23269102594553365 0.6007688025366165 0.09771330290255768 0.1044621478075098
1 0.06237852594553367 0.597805415087714 0.08450397477225653 0.07387081970528382
2 0.85868057395395 0.21929697014218402 0.12638393992586644 0.12831600052349929
1 0.769962814335303 0.19906931355105484 0.05815972958157989 0.08275443440394173