1 0.5510654423687925 0.39308176100628933 0.09599433847375849 0.07861635220125786
1 0.4005978380667214 0.42924528301886794 0.04810230925276535 0.14150943396226415
2 0.36408363960884893 0.4528301886792453 0.028089818181219074 0.1761006289308176
1 0.6379341968330193 0.41037735849056606 0.04440456493480802 0.07547169811320754
1 0.4368898940730759 0.470125786163522 0.019159103084255235 0.04716981132075472
2 0.31221717654047987 0.5078616352201258 0.04286933847375849 0.07861635220125786
2 0.6611517341716875 0.11477987421383648 0.1035534683433749 0.22955974842767296
2 0.032296077109672784 0.21069182389937108 0.062301176947517 0.15723270440251572
2 0.8604386680190632 0.12264150943396226 0.2552523360381265 0.24528301886792453
2 0.0777313080349493 0.2248427672955975 0.041517118505530595 0.2830188679245283
2 0.4788983417201694 0.1792452830188679 0.2921716834403387 0.3584905660377358
2 0.20862279788867957 0.27358490566037735 0.2397557954530476 0.44025157232704404