1 0.454231352677218 0.3737516055480638 0.0943772913958579 0.07830956232376887
1 0.6060120409888208 0.3901363785254814 0.04495003571381488 0.14181872402113438
2 0.6428944322225227 0.4069598590204019 0.024964818181219074 0.17859637792271438
1 0.3677035174498704 0.40101390006463855 0.042814791395857824 0.0752709486153162
1 0.5704427337646504 0.4349757191884114 0.019159103084255235 0.04857330486981721
2 0.6964830823846786 0.45762663446309315 0.0412795649348082 0.07834342637405518
2 0.33539775771063773 0.11024563897523984 0.09892051542127547 0.22049127795047968
2 0.96796875 0.12025316455696203 0.0609375 0.15822784810126583
2 0.1362881018664391 0.13100683671254806 0.25070120373287824 0.2620136734250961
2 0.9212222094149212 0.14271592751939408 0.0368296185055307 0.28543185503878815
2 0.5202500446422686 0.16295508891537605 0.28737508928453737 0.3259101778307521
2 0.7920392698855023 0.21428810728000175 0.23336942775829606 0.4285762145600035