2 0.6133125453759315 0.24374249078120658 0.0643352107723885 0.08232522763983466
2 0.4850011930147994 0.29318778018238845 0.18958065046753828 0.1590859209069743
2 0.24848645521324367 0.4527235141938537 0.1036613311856975 0.16100044428581567
1 0.3423319039835796 0.42851211925059146 0.09762949980360833 0.2245826223884163
2 0.8251307684449604 0.45162928635662053 0.15761355386194253 0.40512639849881826
1 0.369638771666414 0.6689880624697404 0.0869192587805987 0.29063866811052025
1 0.5172813861277946 0.6788271899021876 0.0519261143631848 0.10842575405780146
1 0.4537319705349459 0.7547775942548469 0.10198974687674198 0.1290236483859337
1 0.5419268621236896 0.783541030683275 0.10812157220870695 0.09469678943226952
1 0.8320115066392993 0.7245451807496466 0.02373748184962743 0.08869449168971635
1 0.32992631099222136 0.8576000798663126 0.08311248184962743 0.09104677843841616
2 0.46983980132785985 0.15693045948144274 0.43532039734428024 0.2938045793160763
2 0.7302869428184076 0.08213080659899631 0.0988011143631848 0.11028282254361715