2 0.3441544799417403 0.29530008248272716 0.06381845909205772 0.0779539018465019
2 0.4750862311953815 0.2753302219384065 0.19000052586424748 0.14852837220617235
2 0.7310323543149198 0.30079364814082993 0.10419941818411545 0.1556750905005656
1 0.6377142633278352 0.32705783424391616 0.09904055674305993 0.21961303364924872
2 0.18610160220334865 0.6035879843900467 0.15989915188677947 0.3988537261905964
1 0.6606014970304991 0.5695383303566323 0.0892851235152495 0.28883776749277756
1 0.5230165804957363 0.6575857619650991 0.05181856426490725 0.10716312147720146
1 0.5986758100417651 0.6955077464159634 0.10209134890464319 0.12365957628773624
1 0.5210198229738889 0.769624547497172 0.10931281551854859 0.08907048068521575
1 0.2358923167056827 0.8658047388846662 0.02493781551854841 0.0882327131924382
1 0.7367441113745488 0.7274758290203258 0.08270485141192588 0.08614007240045249
2 0.4578328835443794 0.1374798293852318 0.43754076708875883 0.2749596587704636
2 0.19780466567683302 0.19006848050276282 0.09905727711788873 0.12896188119541133