2 0.15685107869190792 0.34176094688576847 0.3129385413749072 0.5668552271048702
1 0.532822685351681 0.27876093992194334 0.19787497334499946 0.16703918492532147
1 0.6661982593491357 0.25510499001015746 0.08364884134309047 0.13377662364142712
2 0.3508647080283169 0.3960737602690655 0.14824078938572488 0.6965242020442383
1 0.7202050540260897 0.39367552844679626 0.1687692760184536 0.25377754416497755
1 0.5244476586966804 0.4308596030736475 0.2562692760184536 0.2601159473416636
1 0.8338681120305441 0.4602148301785178 0.06302725867281822 0.08508298639604561
2 0.26489194004613426 0.6230686904257127 0.12456474267981754 0.1811638981321901
1 0.5155459207113161 0.6217905622287345 0.1841761000159085 0.2215760685417668
1 0.7331874067074982 0.5875799772849436 0.2702408693507266 0.24724573039188505
2 0.41883510005567925 0.7591608959849133 0.15852157200827238 0.11976509620557087
1 0.5904646520528157 0.7341113307962611 0.14914657200827222 0.11908598157949718
2 0.7365038580521794 0.7363608670525732 0.08346702800763595 0.10599884586364933
2 0.8075703360518613 0.7373441529669639 0.06311816534054486 0.09897187528493451
2 0.48412429272754276 0.8319136610374773 0.12890679734245403 0.12872567766744902
1 0.6379032733927245 0.8236180150377397 0.11784202800763595 0.10848893282591897
2 0.7925998640594972 0.8362122952568415 0.08502952800763594 0.10611203163466155
2 0.8506454373408634 0.16018417054177594 0.2450408746817267 0.21487920250013345
1 0.5703221380092268 0.16208954686729904 0.18377611067790872 0.16046495743065564
2 0.4065778113462722 0.19881615202212374 0.07701812802354446 0.31376625034192146