2 0.16561700401813553 0.24089384892848303 0.30310900803627105 0.48120589518351187
1 0.5555516606858628 0.26284716931886254 0.19291475334181776 0.1150867627130484
1 0.689953932686181 0.2697935598698106 0.0773079346753633 0.1154726850555143
2 0.36469085069222607 0.34222101223563234 0.10438170138445217 0.6715130761722817
1 0.7315516340308623 0.41924505262035555 0.1560692813494537 0.21431102581510938
1 0.5330959526973167 0.4123623337576507 0.24500451201463563 0.19670895650327003
1 0.8391737773710892 0.5117369127943342 0.05826703333863605 0.07064037216210042
2 0.2574243380410436 0.5427523852464619 0.11502611067790855 0.14958175528678655
1 0.5077425113780889 0.5965350756771661 0.17456474267981753 0.17581000537519
1 0.7281368273790433 0.6135925299525576 0.26052042401336306 0.18036551354407793
2 0.3991311273869975 0.7109391763915107 0.1536340773392725 0.08094537011102858
1 0.5726413527211793 0.7256380706555897 0.1442590773392725 0.0807514358865439
2 0.718162938056952 0.7605884955795476 0.07710794000636341 0.08491712949995897
2 0.7885754353914518 0.777320780040961 0.058357940006363226 0.08452926105098932
2 0.4582794080601336 0.7968734875167627 0.12403748400699968 0.09422013395571582
1 0.6115589493952699 0.8236521909611246 0.11299089600572713 0.07732721069381701
2 0.764974850731997 0.8712642277388198 0.0786704400063634 0.08494945187070628
2 0.8859375 0.16111111111111112 0.225 0.2777777777777778
1 0.6025079293443631 0.15688855718221556 0.17885225334181776 0.11479586137632122
2 0.436919292011454 0.15901794143854062 0.058213584022908015 0.30116360534690845