1 0.26640625 0.29723502304147464 0.1015625 0.543778801843318
2 0.7578125 0.3191244239631336 0.028125 0.1152073732718894
1 0.46328125 0.4055299539170507 0.3 0.27880184331797236
1 0.18828125 0.45506912442396313 0.128125 0.5599078341013825
2 0.8703125 0.41705069124423966 0.128125 0.08064516129032258
1 0.07890625 0.5829493087557603 0.1578125 0.5806451612903226
2 0.4390625 0.10138248847926268 0.240625 0.20276497695852536
1 0.6390625 0.10253456221198157 0.109375 0.20506912442396313
1 0.03515625 0.22580645161290322 0.0703125 0.15207373271889402
2 0.7984375 0.17050691244239632 0.0609375 0.18202764976958524
2 0.45390625 0.22119815668202766 0.1484375 0.059907834101382486