1 0.2978049864166321 0.2506765907013584 0.11123497283326422 0.5013531814027168
2 0.7811097553183336 0.3471873233458367 0.02994337955902786 0.11665570011716928
1 0.48127340947864605 0.3730048066232919 0.30440047853284735 0.2942506630009574
1 0.2043654173624308 0.3653572863468849 0.13696232465687536 0.5665057675076575
2 0.8823287228332642 0.4688060586851778 0.12939786569131967 0.08724309469659758
1 0.08479910619201417 0.4683673315902269 0.16385213297750031 0.5886109589393618
2 0.48902743882958344 0.08731983775281023 0.24367987765916688 0.17463967550562046
1 0.687247386492882 0.10586636996006211 0.11134015634451408 0.21173273992012423
1 0.06577177678548617 0.10499596417243857 0.09298889342673619 0.154436416199358
2 0.8367765674386807 0.20826550659193194 0.06381053970326392 0.18516569126769167
2 0.4908821859797918 0.1891813823008634 0.1493830573706944 0.0675517813403595