2 0.3673015726880055 0.19305555555555556 0.346646854623989 0.3861111111111111
2 0.8034672511811264 0.14166666666666666 0.34931549763774716 0.2833333333333333
2 0.59071179083684 0.19444444444444445 0.13857640507947586 0.21388888888888888
2 0.121111108167368 0.3638888888888889 0.242222216334736 0.5722222222222222
2 0.5635193190598085 0.3458333333333333 0.19982143992586607 0.15
2 0.8194245786784553 0.3236111111111111 0.3267857332097769 0.25
2 0.5561408394782286 0.44305555555555554 0.12534722958158007 0.09722222222222222
1 0.5118352787711226 0.5111111111111111 0.03686508293962447 0.04722222222222222
1 0.6788417294967619 0.48055555555555557 0.05109127404661713 0.05555555555555555
1 0.23085560808254998 0.6166666666666667 0.02581845553496285 0.041666666666666664
1 0.13332584365457972 0.65 0.05443452885594056 0.06666666666666667
2 0.5653323010036411 0.5319444444444444 0.13245040145127884 0.06111111111111111
1 0.8543600846689051 0.45416666666666666 0.03988095553496294 0.041666666666666664
2 0.9281150431990927 0.4777777777777778 0.0344146947351895 0.16111111111111112
2 0.3796651303150686 0.6375 0.06728175843752053 0.1638888888888889
1 0.03067953720864302 0.7388888888888889 0.06135907441728604 0.08888888888888889
2 0.8584920239617991 0.5222222222222223 0.08639385698624161 0.10277777777777777
1 0.08078863149619495 0.7791666666666667 0.04387897477225653 0.08611111111111111
1 0.2284175996450295 0.7805555555555556 0.05616071996293313 0.075
1 0.624241020333602 0.675 0.036284729581580064 0.09722222222222222
1 0.9654488628918735 0.6055555555555555 0.04382441106992587 0.08333333333333333