2 0.5781580020285949 0.19829378872904144 0.3375660040571898 0.3457584574200945
2 0.1570602978886796 0.2512698782768973 0.313302389608849 0.41920642322046126
2 0.36420064204448094 0.2752337726037211 0.13329551542127555 0.21648151288140782
2 0.86171875 0.28055555555555556 0.2734375 0.4722222222222222
2 0.4123847719140973 0.41147717006136675 0.196676176947517 0.1510141560735235
2 0.164970029624735 0.5002204968691782 0.3226307508107789 0.25599654929391197
2 0.4335836619299833 0.5030159756263465 0.12274775324641088 0.09645505561210099
1 0.4863637885531887 0.550709991676273 0.03637387662320535 0.04667549360641724
1 0.3220382357932452 0.5932540439502192 0.05051819724005648 0.05588184617704428
1 0.7696302560857846 0.5349825462950293 0.02384660308425506 0.04312169872882268
1 0.8679041148520827 0.5244270142894183 0.052189791395857554 0.06708995942563231
2 0.4376086887153445 0.5948766465679672 0.1317681972400564 0.06092595732585235
1 0.14996836688067752 0.6422575299812243 0.0379091030842551 0.043994717966116544
2 0.08258599796810982 0.6977601592231938 0.029706865259119718 0.16285714958569852
2 0.6306865328711458 0.6179675216574975 0.06254663879807013 0.16767197225049493
1 0.9734375 0.5680555555555555 0.05 0.09722222222222222
2 0.15533770535443603 0.7119929808381 0.08379434740221221 0.10514111328628499
1 0.936854712254295 0.6286466072696713 0.04147047970746058 0.08863316668551514
1 0.7961712110364789 0.693479024939107 0.05383411201270878 0.07552029489644288
1 0.40253998782184003 0.7606526518928116 0.03376707386326192 0.09925926710924102
1 0.06210194845457716 0.8380687959651814 0.04763865909060951 0.08068784190209012