2 0.10650400917338217 0.15668234667401218 0.0663431383672898 0.2221598912525927
1 0.2929818646577723 0.2225673650809872 0.06931360226293633 0.17506697602123467
1 0.038258003221453826 0.2442169959475308 0.06633404800821019 0.21938211347481493
2 0.15615403034881686 0.2615578792646294 0.05441583098930573 0.3966426632891359
2 0.8430313407518633 0.4233881190522827 0.2457670179539811 0.14903948767172875
1 0.09653813583320701 0.33762582320216034 0.08164997579950317 0.1255842039846915
2 0.3116187560501242 0.025221642182407213 0.10801248789975162 0.05044328436481443
1 0.3377262172152962 0.3943035248245674 0.06270907825883114 0.06647502870617296
2 0.8325614733636163 0.5196417001059247 0.16599770472226433 0.12074215940469155
1 0.23283872931554458 0.45974642012962924 0.03302157825883114 0.06524661229296305
1 0.9659734161820239 0.5696693818020356 0.05643180718159222 0.05788308139111109
1 0.2451569221339523 0.514784747721728 0.1068863251355733 0.1988408821338273
1 0.08975634982704939 0.5003844371838888 0.06160109621281209 0.2052992640996297
1 0.23019499746591726 0.5515100670394442 0.02051248789975162 0.06195160655172837
1 0.43185398799794744 0.045761712260493526 0.0519170240041051 0.09152342452098705
2 0.11708296087058438 0.031265582742407386 0.16895907825883122 0.06253116548481477
1 0.13958817818407648 0.5497044142189504 0.06462610226293633 0.17487301553493842
1 0.35111148546386467 0.6006660878101229 0.014198855386194253 0.04224854812555555
2 0.24929445540963538 0.6826463427909873 0.13001475292686626 0.10536624012086437
2 0.5159880934823375 0.11824138720154287 0.11177381303532492 0.23648277440308574
1 0.3855693404572754 0.10288453444882689 0.04445904800821019 0.20576906889765378
1 0.059097744048071665 0.08226538939580239 0.04411361436318471 0.11292140898320993
2 0.7711341357350111 0.2032366448849996 0.4482021924256241 0.4064732897699992
1 0.3486142411212054 0.17027216599314762 0.04280564441741399 0.19063453326555563
1 0.25410571701890444 0.1672392580223453 0.0287613251355733 0.19560820736222229