2 0.9217743969387217 0.33160757105069083 0.0723871285298145 0.22355427440579947
1 0.7305045392585896 0.32523621771320343 0.07473923871722885 0.17623292526825612
1 0.9652683326738144 0.4425582198960454 0.05524509263643722 0.22616152753136923
2 0.8571519557933523 0.41443660199036686 0.06583090314042081 0.3961589903421067
2 0.16600177005825972 0.31020319675682556 0.24781302586424747 0.15574763030729802
1 0.9032169620615587 0.5114353657529458 0.08485838479802084 0.126207089080726
2 0.7483405601082721 0.09389259523883407 0.10963106426490725 0.1125388029441669
1 0.6608847095542763 0.47495813047607555 0.0635911385589445 0.06750059385080281
2 0.16128552632646587 0.40772864427666383 0.16762542069139794 0.12428047342607594
1 0.7521485555559255 0.5784507185714743 0.035420674452321776 0.06442337675721738
1 0.026618672802969024 0.40636112368741195 0.05323734560593805 0.061864740593856285
1 0.7318216836900288 0.6273998073531928 0.11264841567683312 0.2016914988489329
1 0.8849550438774433 0.6731573108730282 0.0674268438900782 0.2067925655215854
1 0.7397334720906885 0.6690934060608243 0.02287521034569906 0.06150821620432694
1 0.6274513985880742 0.08261371448771719 0.05356292069139794 0.12309746067900147
2 0.9245931715493277 0.15890562118996657 0.14477895407749272 0.16024908777937863
1 0.8282504028112163 0.7015958676228733 0.07005173871722903 0.17618430830604753
1 0.6155147220906885 0.6703817555593508 0.016306961599340218 0.0419447863457091
2 0.7018410155059132 0.7892432948787965 0.13302310015828453 0.10999637243487528
2 0.5337779549354227 0.12983251264324186 0.11994409012915472 0.2596650252864837
1 0.6604397433360825 0.1672154073683829 0.05042120031656907 0.21775636460815787
1 0.9749592329112412 0.2795326482131783 0.03940949247815269 0.11738057915170735
2 0.27068692154932783 0.16828059206918014 0.4586261569013444 0.3365611841383603
1 0.6848343380840907 0.2519062313464309 0.04840405925034226 0.18988500575074566
1 0.7764535367513071 0.2857690392605079 0.034432487463587694 0.19531018550478868