1 0.39979029238978614 0.24550189989300794 0.049422111248705033 0.09978553917934418
2 0.6835874036384911 0.3526421012612078 0.32291538502724143 0.6528685188930636
2 0.5132556329603267 0.31642335254010784 0.07140842721213972 0.1650296848087454
1 0.4346597520669146 0.356057598856571 0.08238016046291677 0.10643316941387382
2 0.18129715756743262 0.3088132365366072 0.15164389081820956 0.24894191302900065
1 0.8433305847795722 0.4923766700612689 0.030128455748187122 0.13847397781960596
1 0.3557363854415261 0.383051395734832 0.08768839867609249 0.19080089449774026
2 0.342425094499482 0.050039133951729056 0.112975188998964 0.08213289216265013
2 0.4810338302314584 0.06701883408135617 0.08706766046291677 0.10658026265765097
2 0.921875 0.6811797752808989 0.153125 0.6264044943820225
2 0.8312908112059236 0.6604011695507457 0.02892982878371626 0.15246989055857157
2 0.5127205936709125 0.5970770735383071 0.04615156203449331 0.09406949948873625
2 0.609034821545006 0.66886367867358 0.075475188998964 0.08095614621243313
2 0.7527869755977818 0.7337187654951187 0.11860875889134004 0.11879683933901156
2 0.832949664596746 0.8148220049513292 0.05047518899896417 0.08017164891228869
2 0.909375 0.24719101123595505 0.178125 0.30337078651685395
2 0.23952057237357552 0.1155742762264746 0.11654114474715102 0.21977334160085238
1 0.492356627997928 0.17262558367996628 0.05788958271265763 0.12531159346204387
2 0.08607024069437509 0.15847300817059387 0.10964048138875018 0.31498477309082623