1 0.386948196159398 0.2753389543707484 0.04428851087441492 0.0953451145401045
2 0.6733141190870915 0.34661153985457976 0.2934395711779885 0.6243000498287158
2 0.5029061185927999 0.33170602335289295 0.06443918479069151 0.15831997193870276
1 0.4267720415204933 0.3802212534376078 0.07716467787060939 0.10021403633596604
2 0.17289762501859052 0.3656857898353354 0.14103085969555132 0.23325310939826413
1 0.8375158819386727 0.46631462873771434 0.02336851581733086 0.13610665731290092
1 0.34963387996150636 0.41885597682359826 0.07907468775644108 0.18448369925731437
2 0.31986417243340187 0.06916808139414758 0.10847834486680377 0.10498486608269339
2 0.45820908942959626 0.0806582165065624 0.08204317885919252 0.10893527877550319
2 0.93046875 0.6432584269662921 0.1359375 0.6123595505617978
2 0.8335552352084334 0.6357679887167628 0.02212435079830257 0.1500535090839915
2 0.5147415682122392 0.6129482219293568 0.04259867688202625 0.08962904496288049
2 0.6136074911399325 0.6724497615170935 0.07346667490485981 0.0747369533612933
2 0.7589982455885567 0.7194446243766065 0.11472834486680376 0.10537723427922996
2 0.8417762534972221 0.7919611412686596 0.046967841901054186 0.07587837729005797
2 0.90390625 0.21067415730337077 0.1890625 0.2808988764044944
2 0.21923943133065044 0.13858574880507601 0.1041038626613009 0.25617979909544975
1 0.47553585228117756 0.19114065277108938 0.051111513840164415 0.1210183816130454
2 0.06907760524692703 0.19086857284805486 0.09128021049385407 0.378794384222086