1 0.5285017700582597 0.3235682679987022 0.11876202335696498 0.2042074100176786
2 0.7061661173135504 0.4524828255626438 0.1485404515702104 0.21041487697770248
2 0.09905596245727004 0.26210595068375575 0.13538723370266398 0.26908440501211833
1 0.3547232892585896 0.34752644184874937 0.23923965940862696 0.3172725719754214
2 0.1898795392585896 0.3493316802165605 0.0922904515702104 0.20979887146830717
1 0.5357339453685113 0.5631543715025943 0.09285274122451134 0.14511010037951586
1 0.6327536978757937 0.6032613880814628 0.1039266335443795 0.1540534086403297
1 0.3381686235817566 0.5594365934763762 0.21609166442319178 0.23468007310085268
1 0.5099777759307544 0.7134110404648423 0.08390363855894431 0.07149513229406068
2 0.490050686988734 0.13749950975920272 0.719898626022532 0.27499901951840544
2 0.3647097061890639 0.1562729705718397 0.12663670783841657 0.10725125407316595
2 0.15927806010827214 0.1055904809690341 0.16481866943775675 0.15177957147158633
2 0.7007859470178638 0.2952154407069225 0.22827341567683296 0.21422872791993403