1 0.48875994355406327 0.32396991056019064 0.10478175843752044 0.173620347771088
2 0.30100697241000385 0.3920869941650865 0.13436013103285882 0.16809560732198897
2 0.9198660998146655 0.40467138189940915 0.11530259618646851 0.23512592373268365
1 0.6589831635169964 0.4047544883952292 0.2187004146981227 0.2508685458599442
2 0.8224653101589517 0.4591552319634729 0.07692957694917482 0.1879340292430261
1 0.46025797603820084 0.5546068274431437 0.08348711179556503 0.12076762324611018
1 0.3604216671451934 0.5622900405779356 0.09447917549789597 0.12381067824224092
1 0.656661750084818 0.6152127593915923 0.2031646947351895 0.1717680766543927
1 0.47252485226173635 0.7096796548667277 0.08050595553496294 0.044727220234967044
2 0.5484300655164294 0.08928725273050986 0.7124851310328587 0.1743897506847185
2 0.6663740228654907 0.21481508725100898 0.12156746515360979 0.06856132425568295
2 0.8744593413771451 0.2316974596628717 0.15810516587924894 0.10111632450612727
2 0.3200446598887993 0.2402783673152426 0.21829862141421197 0.1456223991634849