2 0.08741870764913057 0.1846542028323576 0.11902271077238853 0.07748516984151776
2 0.6159573189872531 0.27644191667582574 0.16282725292686634 0.09370884602189726
2 0.3470346021647404 0.23986470798596157 0.3599295119038567 0.16183734005311698
1 0.6272038911959601 0.3589713634843894 0.05336134933607006 0.06534477752216808
2 0.4825862827847038 0.3410517571377772 0.15969316256778665 0.09115628378601644
2 0.7321595567888088 0.4271190651677497 0.15057269262201595 0.1591083531759351
2 0.5500692194547915 0.41787898613951147 0.10022725897699054 0.0646088208164771
2 0.25384820442767675 0.3944903555501894 0.11965903590796181 0.24821687715859087
1 0.3539572887366321 0.42012543717273665 0.1025533491396784 0.26954363851978336
2 0.8394771530998169 0.5000596622473702 0.0846658914905479 0.08111430232000011
1 0.47682716217500315 0.4729861499022216 0.04583974082661779 0.1431097133958808
2 0.5620606802271799 0.49062395092569033 0.08318520472226432 0.10300875290937678
1 0.41900102663638367 0.4714280634611376 0.05839428298109546 0.15819801111989176
1 0.6652993097156752 0.5173650068977227 0.07202953610435348 0.044074785083794046
2 0.34659371974937897 0.1337205745422764 0.6463124394987579 0.2674411490845528