2 0.06388891832631981 0.34146341463414637 0.11413691106992567 0.07317073170731707
2 0.5887053798517325 0.2634146341463415 0.16440972958158007 0.08536585365853659
2 0.32182790389834953 0.3121951219512195 0.36248513103285873 0.13902439024390245
1 0.6130803864751544 0.3402439024390244 0.05448909255827132 0.06097560975609756
2 0.46998515090312465 0.3695121951219512 0.16117560217691818 0.08048780487804878
2 0.726316996456621 0.37317073170731707 0.15176588584218215 0.14878048780487804
2 0.548502020503238 0.4219512195121951 0.10130952885594055 0.05853658536585366
2 0.25633436787083286 0.4926829268292683 0.1210268065307547 0.24146341463414633
1 0.3577331767638403 0.4853658536585366 0.10433037985173241 0.2634146341463415
2 0.8427877338427493 0.41097560975609754 0.08450397477225664 0.07560975609756097
1 0.48615827712666004 0.49878048780487805 0.04691469473518968 0.14146341463414633
2 0.5719048041685021 0.4902439024390244 0.08343254809323426 0.0975609756097561
1 0.429508973042976 0.5158536585365854 0.05974207694917481 0.15609756097560976
1 0.6764286130615094 0.48292682926829267 0.07280258293962447 0.041463414634146344
2 0.3099057680561673 0.16341463414634147 0.6198115361123346 0.32682926829268294