2 0.434375 0.18362318306218686 0.2125 0.3672463661243737
2 0.48515625 0.39727825800770494 0.1640625 0.07002265027114649
2 0.3578125 0.45243274369435676 0.053125 0.10249542961160926
1 0.4171875 0.45926383216765615 0.0578125 0.0441984577145945
2 0.50625 0.4981562982109385 0.1140625 0.1467181282837495
2 0.41484375 0.5113653462191486 0.0515625 0.052483309132836574
1 0.4296875 0.5706252016708068 0.0234375 0.037681807181592336
1 0.45859375 0.6037343061468429 0.01875 0.048062112411940444
2 0.5140625 0.6158040291504077 0.0578125 0.0941984577145945
1 0.434375 0.6664221735678217 0.034375 0.05026665053300216
1 0.47578125 0.6713093142136751 0.0265625 0.043956048139138205