2 0.5800236019430801 0.2196960501377889 0.2334847038861602 0.389052728617879
2 0.5312329991714304 0.43018170098712477 0.16831766046291677 0.08608160212880733
2 0.6599059627775004 0.4974744032427857 0.05988873035529281 0.10722268248399752
1 0.5998588746881591 0.49733116410480693 0.06097604135632899 0.04905912780718254
2 0.5112522930089588 0.5278666943965703 0.1224272717116218 0.1563666996194391
2 0.6032771271693586 0.5505410534330663 0.05501713978475244 0.05705290382747895
1 0.5889085661683225 0.607983048819678 0.02474744292790554 0.0387733399238878
1 0.5595678225784633 0.6386193735852905 0.02198631596343468 0.049020227934036126
2 0.5044629456139926 0.646022469098756 0.06428513192686935 0.0991440171354417
1 0.584407310791639 0.7023502688450487 0.037756865177646405 0.05403578788329474
1 0.5431466100058507 0.7042673683128469 0.029653266749222952 0.04527800790866531