1 0.8785003206836969 0.5389113089117916 0.05528967787060921 0.08464803518211002
1 0.2267667243340185 0.435155595331465 0.13842051285158127 0.09778750295433945
1 0.7841083335352782 0.6345531271091202 0.04333350593149898 0.04494327080419736
1 0.6473431625847511 0.6011220597983451 0.16826452174882983 0.16487839636175833
2 0.45247633155811184 0.6166487213667378 0.1199543557412186 0.16938247377725424
2 0.24729674163422408 0.5652644966381988 0.2571651956651064 0.22014027376129666
1 0.7734984387822053 0.7990202821011892 0.07088018577927464 0.14418358089572073
1 0.44242751091159593 0.7118305465189959 0.12034167490485981 0.0629756313505758
2 0.34037026239447077 0.7220259231214278 0.05436384783255317 0.10938610986079593
2 0.1732730153230392 0.11666867190444091 0.1465460306460784 0.2314940709974901
2 0.7942951225471326 0.30180514185598023 0.10358389231879599 0.443918940492194
2 0.3217542776803289 0.21083690726910512 0.25600855536065775 0.4181024734661386
2 0.8463351250185905 0.3208447170633108 0.09589872631118475 0.44879743269750394
2 0.7214797050566466 0.2949473965930856 0.14328306228074011 0.4690314299606937
2 0.0778968483268448 0.11331498968050954 0.08526102076024666 0.15668942363903382
2 0.546687952090897 0.271064505444765 0.3027509041817941 0.534842323056997