1 0.8667401852728742 0.42475318245178134 0.048238923198680436 0.07555359393031319
1 0.22312422908381047 0.541788654363123 0.13413095909205772 0.07545465474974875
1 0.7893940867639424 0.5500249440573777 0.0413069615993404 0.038252058633994106
1 0.6522123355103011 0.5635495833799441 0.15875052586424748 0.1404591744871825
2 0.4663035792420951 0.644998573995325 0.10902331050398359 0.15392808023544252
2 0.2605082203083218 0.6640479092167986 0.2469324874635877 0.18000740130891568
1 0.8010339319076621 0.7161041590502123 0.06031302586424729 0.13773722129293098
1 0.46963917940037964 0.7415764330669294 0.11947742570596276 0.04288758647164505
2 0.3720882294795219 0.787121806605351 0.04561402837152997 0.10269490549007451
2 0.11914846826325778 0.1950288980314062 0.12291597743445784 0.31512160858815924
2 0.7546456990629279 0.2311563334109123 0.06866639812585582 0.4224770978519814
2 0.2786515003957114 0.24891921756163907 0.22095632383181868 0.4662720020550436
2 0.8077934311162392 0.2338629477860593 0.05933686223247854 0.42469311173918617
2 0.682262233702664 0.24399875786843175 0.10827446740532806 0.4532602083054602
2 0.039398783781806265 0.27446537482282374 0.07143238229073819 0.1479406506357465
2 0.5085435888755134 0.26640905554294597 0.2639621777510269 0.5119930088695531