2 0.2917004520324288 0.3125809024615034 0.10579066191590929 0.2275639404744915
2 0.03663017029568656 0.38764344335745843 0.07326034059137312 0.25869369580935503
2 0.8289360275801071 0.3586764839661158 0.32583037727617314 0.2169830752782316
2 0.5783152166139052 0.02306897288847568 0.08684678213245363 0.04613794577695136
2 0.3912852633943421 0.4163276415986623 0.08554034639736088 0.14712793891713952
2 0.5484074416075875 0.4086348664199171 0.23796666442319178 0.19598400004942396
2 0.3314783543814267 0.4404591222584322 0.04446070533113407 0.122121780203071
2 0.2661799633151999 0.4659030451200027 0.08895485141192579 0.07925150241327365
1 0.35355193118274625 0.5128510135156258 0.11934103338609478 0.03369985452342337
2 0.5547042203748289 0.0724698178762278 0.13073317445232177 0.058169399121199096
2 0.5249568844023093 0.1178952231897668 0.19939224623907634 0.054557715511101335
2 0.8034994215493277 0.14122433339721396 0.3742511569013445 0.2824486667944279
2 0.4884678034443546 0.23138064352064025 0.2742678772761732 0.2160510612867758