2 0.3313589632486929 0.2649225936164987 0.11530205423577744 0.2360177417716103
2 0.06229071450233409 0.24064523641345645 0.10491012351524957 0.2648473887267134
2 0.84296875 0.5072815533980582 0.3109375 0.25728155339805825
2 0.6410940129321238 0.08409672108763375 0.0885456744523216 0.05819777581548587
2 0.41906120321956297 0.40315390681695473 0.09036423871722885 0.15528515445626265
2 0.573831271245394 0.453443527922366 0.2446713054894186 0.2225438834925862
2 0.35741064937949696 0.4051212003493222 0.049193669437756785 0.1250574076404042
2 0.29107259553943104 0.40696139389434827 0.09065374373179384 0.087366356070166
1 0.37216948284473417 0.48436481212575383 0.11956835391920828 0.046909186734331275
2 0.613006116851332 0.12700225822071134 0.13252299498543502 0.07151996469410263
2 0.5784863643440495 0.16002959083992277 0.1981934590920577 0.07572654898290147
2 0.8296875 0.25 0.3375 0.3932038834951456
2 0.5319128927155795 0.25823078741085786 0.2810179824490227 0.24536297692304496