2 0.8322119686505461 0.23697854760890025 0.33372266136218054 0.3880568715688392
2 0.49769097063972845 0.3682933910473045 0.03995338534372692 0.13732326839779288
2 0.5577926766390922 0.3784934466021278 0.037756728039452625 0.5177333650789465
2 0.6170949513049104 0.39144703678899523 0.11535556405154317 0.6784425266941763
2 0.912025643300456 0.4589442792096428 0.1597568080044546 0.06327893506299505
2 0.5264512226289109 0.5108812972518494 0.04520560136854392 0.46242024098072737
2 0.47167281596118366 0.5230731659393838 0.07149428668045381 0.18273743867158285
2 0.7197557799570474 0.5849491529493466 0.1382647106938169 0.3597738629132081
2 0.8749699912874112 0.628662427839229 0.10192722135581711 0.2975475670983498
2 0.8062018099538658 0.6293068087924467 0.05496131468809011 0.28220408946544273
2 0.9565648892823205 0.6978746248079273 0.053089732017817325 0.23493338095175334
2 0.4831637519494114 0.6776277229377885 0.04763861600890866 0.11812125541068497
2 0.43373591661363875 0.708044849201014 0.036228401336727244 0.04555962914819168