2 0.8013084908266178 0.1481157585292588 0.3463669816532356 0.2962315170585176
2 0.4863198159621911 0.3354806452238882 0.0457670179539809 0.1407638402564198
2 0.5472209545258726 0.32184804779092513 0.05637830678880888 0.5189295390067902
2 0.6065823189872532 0.3291897033111724 0.1412896379745064 0.6583794066223448
2 0.9033345991396782 0.26544038416573945 0.15962953005422947 0.08437243431185205
2 0.5304925176593933 0.462837014018456 0.06088399960721667 0.4635679439375309
2 0.4774720567888089 0.49697967730759185 0.0771806444174139 0.19205691016506185
2 0.7281760387366321 0.46299168017962855 0.15120901775758924 0.37565118000592607
2 0.8843942224798536 0.44680410841419615 0.11192834913967857 0.3073681759534569
2 0.8172839905320302 0.4731953198288877 0.06499880698520073 0.2887619044238273
2 0.96953125 0.48333333333333334 0.0578125 0.24444444444444444
2 0.5052975958200286 0.6430704633597524 0.051962475799503235 0.12435578757148151
2 0.4601396319243822 0.6921676369495054 0.03766362646343317 0.05155168389037041