2 0.8882658388807956 0.18095974793890607 0.10159332223840885 0.36191949587781214
2 0.2885016181017888 0.2349466932541179 0.11165016071216734 0.4698933865082358
2 0.9553345620954344 0.25641618255733845 0.08620587580913117 0.5128323651146769
2 0.8218226327122855 0.23019209790694178 0.07362050649282174 0.15400552910004792
2 0.44264760146269727 0.3404053049891083 0.20009327759614023 0.28732398346469534
2 0.7072771172910098 0.41215053782104 0.19023881087432315 0.5143677248826907
2 0.43506515219404596 0.5226170953487823 0.15268071509696385 0.10419557427394252
2 0.4154423989476351 0.598718149888456 0.024037517856907442 0.05287279704783151
2 0.48079466355813166 0.6187494355254198 0.07016822402541774 0.12567256774093175
2 0.7343107702925394 0.05653917286533791 0.23450345941492118 0.11307834573067582
2 0.4314079127440575 0.11322748369136523 0.284059174511885 0.22645496738273047
2 0.5919635831987528 0.12260588636886352 0.05385347727182861 0.19988822862260017