2 0.13700355799670108 0.1787205795592584 0.13338211599340216 0.3537707015401533
2 0.7297199069013444 0.3016131369024038 0.14668374953778152 0.4755515086768297
2 0.06566576708875885 0.24458118582289834 0.1313315341775177 0.4891623716457967
2 0.19728784012915473 0.2269993002771843 0.08429609514371963 0.15866276489782086
2 0.5697287929530063 0.38617715741625774 0.21836486975432584 0.30694833838840563
2 0.30025737892552595 0.42234602135882404 0.22732599577685786 0.5266968551986502
2 0.5662210112162641 0.5670684008924798 0.15696070533113407 0.12085993324274193
2 0.5810025767348126 0.644517858957643 0.027608174452321776 0.05443162641070028
2 0.5140651293212374 0.6556146631821445 0.0790630258642473 0.13050303313430534
2 0.2981252629321237 0.07200108022514332 0.24312552586424746 0.13478523364239606
2 0.5971909002374268 0.15220012197473548 0.2975068004748536 0.2809908811719081
2 0.43397784639736087 0.15144298579483192 0.06792694906292791 0.20027022818237597