2 0.24299921939110267 0.4168396184713753 0.48459776486592865 0.7769782060149155
2 0.5314104619767288 0.3644130409417753 0.2004987015966055 0.27691461502620235
2 0.6340725469577008 0.3792639726485409 0.04820668973360753 0.1812520863328206
2 0.6652734674139362 0.40948794956257994 0.035486513840164415 0.1088772090795123
2 0.5495914120904596 0.6262359028000695 0.17339237353571574 0.3176119115147499
2 0.26447626585451184 0.780481598955274 0.44740819368794016 0.21982732765915206
1 0.7765186680219587 0.6769611855997673 0.030451503954332715 0.031497641793589305
1 0.773359175930624 0.7387268862172742 0.17630251482874754 0.11930825240997024
2 0.9134748399610689 0.7208074140838144 0.12276102076024671 0.1646503609887896
2 0.6199596033069417 0.81950578487662 0.09661501482874754 0.1177787711550133
1 0.8164035217860108 0.8374447660889139 0.051782675893442945 0.07312462296652228
1 0.6609002796946764 0.8962864584248856 0.024265170950527094 0.03395500206710384
2 0.4411144313306504 0.12310286855174805 0.07559686068413463 0.21526706805698145