2 0.7641432714700224 0.4106391369041843 0.46837028844204465 0.7788043930350377
2 0.4776563256265526 0.34799188503318507 0.19628516842151916 0.2762236634009472
2 0.3744995093697739 0.3579507998217057 0.0459488251355733 0.17991978734491731
2 0.3439262202403583 0.38772887079943297 0.03319429508134393 0.10800557545135905
2 0.46189444935951124 0.6071079603747341 0.16986811416679296 0.31699570671687993
2 0.7488035760193361 0.7710298047716165 0.4414158612399266 0.22728366155561394
1 0.23597229879377707 0.6490071306508444 0.02979658430895542 0.03105266350361058
1 0.23966038017586627 0.7105082984084664 0.17386474687674197 0.1221686643820925
2 0.09912173858712264 0.6874919001597125 0.12089428298109553 0.16525121255241926
2 0.3940342627876195 0.7974930031487625 0.09573065651766247 0.11885868620120076
1 0.1979132417103806 0.8070574586392109 0.050254530054229286 0.07227223218961679
1 0.35315018755385036 0.8709577815464159 0.023555674668035032 0.03355709601837006
2 0.5652113886618774 0.11126652720111324 0.07263859016268785 0.2160708209520614