2 0.35445783095795463 0.11823300794079705 0.04162521034569906 0.06237175468926013
2 0.2843271873844454 0.13152600216793536 0.03243206677218975 0.07319194805156763
1 0.32922215023742685 0.15236636508334034 0.036710389812585564 0.04833740692596946
1 0.2368300617576248 0.14272705627990934 0.03707410266556703 0.07055962914819168
1 0.24707723997087014 0.14796745094092764 0.05310827962517113 0.09604449206286438
1 0.34300350541027635 0.1825097871614241 0.06592652837152997 0.11587682683904697
1 0.25371368487716295 0.17138461688616966 0.03358538981258556 0.0482404343430349
1 0.35579902210332376 0.20017745238524148 0.022693353919208282 0.05067880808054181
1 0.29700068362352167 0.18949568831526417 0.027471782132453625 0.05637982251049923
1 0.15635295157021037 0.19247056565842968 0.06372753087881237 0.07693945165869083
2 0.6239329081549856 0.30694674242723813 0.2633544239901033 0.6138934848544763
2 0.9359375 0.37777777777777777 0.125 0.6166666666666667
1 0.21149509263643718 0.21855132323485296 0.06997753087881238 0.07713339682455995
2 0.808481404394062 0.3501022893315563 0.2292067445232167 0.6456769696943069
2 0.25520930337784753 0.5493078535383492 0.08601170783841657 0.10261825973923257
1 0.04503868151195065 0.5071939054838525 0.06615384890464333 0.12976571572793602
2 0.9535906305748785 0.7152314538354136 0.08766513605166182 0.1082223015862553
2 0.5975164753228868 0.6415156197762619 0.18861988229073817 0.16965875757349427
1 0.5810624127073322 0.782375233051647 0.05761392319868044 0.08507883982615504
1 0.5781647332404456 0.7963610945234704 0.03197742570596294 0.04541417027378998
2 0.277494514185765 0.053501917750268205 0.11123902837152996 0.10700383550053641