2 0.2969829933163644 0.21913554029474314 0.04260567067154515 0.06432522612471053
2 0.23105800131286455 0.2656476204393546 0.033285214672181596 0.07256159562786127
1 0.27637959197963735 0.2637900730379165 0.03624658267027261 0.047593916904588855
1 0.1862903939767738 0.30221930974383304 0.036392033338636144 0.06981613912681107
1 0.19723698464354653 0.30071729638639777 0.05218066534054513 0.09497774551044869
1 0.294193800644501 0.28721533680784433 0.06480793467536321 0.11455147506180323
1 0.2072568746419557 0.3214455855703666 0.033139764003817976 0.05033937340563905
1 0.30975516597709196 0.2967759526464289 0.022202264003817973 0.050226248937092696
1 0.25103414664227386 0.3168264210295145 0.02848862667090888 0.055846447046103344
1 0.11619552263686501 0.38904956926213163 0.06300907733927245 0.07842420331232837
2 0.5824841413112738 0.2865375160069611 0.2631567173774524 0.5730750320139222
2 0.914052314648319 0.23597096765383443 0.168770370703362 0.47194193530766887
1 0.17245461330363773 0.38707889739214724 0.06925907733927246 0.07848884586578338
2 0.7677403886457738 0.2702173770547205 0.23014422270845253 0.540434754109441
2 0.2619154606142751 0.6833557222700892 0.08502952800763594 0.10087267447164329
1 0.05369388060950263 0.7480050871724699 0.0649170226766359 0.1312181417284699
2 0.955284747294729 0.4956410039193858 0.08041475334181776 0.11193530366766313
2 0.6054023786203203 0.6006417954825761 0.187046561346272 0.17136756040973244
1 0.6091444492759572 0.7450377580119293 0.05837612133990877 0.08670905473057045
1 0.6090444519414573 0.760315535789707 0.03155908267027261 0.04754543498949759
2 0.20597673265436423 0.15896982652791225 0.11053860534690844 0.1789090224632413