2 0.8029849445105814 0.23102925361949486 0.0752801109788372 0.4620585072389897
2 0.8404478405913732 0.27828472495968004 0.056604318817253585 0.5565694499193601
2 0.4079572525072825 0.03292516491935404 0.1026081744523216 0.061683796669425056
2 0.8788738430986556 0.3150628589622789 0.07037731380268894 0.6301257179245578
2 0.9164731314993155 0.3544564896806656 0.07330373700136902 0.7089129793613312
2 0.9575922249936824 0.41626988579508 0.0816905500126353 0.83253977159016
1 0.5188336018741442 0.44337570278023236 0.09955738229073816 0.15662455263398217
1 0.3995463927820865 0.5210518139958712 0.0726766335443795 0.1378939375764986
2 0.49054346582248237 0.5439005130883755 0.08863660266556703 0.06682268725438914
1 0.5503072592377071 0.6567506337281307 0.05479045157021041 0.1878416580046479
1 0.5789945488920081 0.7145064681175551 0.12558633636823088 0.3072505881146267
1 0.6039945488920081 0.7142608605265914 0.06607494404836309 0.29875170280376584
2 0.6902098113619134 0.11152910025061462 0.06645537727617316 0.22305820050122924
2 0.4711953869095916 0.1708028724337073 0.058159492478152684 0.11137055903217515
2 0.512419780483101 0.18355975522492649 0.0376604390337981 0.36711951044985297
2 0.624138530483101 0.1831606428896103 0.0985979390337981 0.3663212857792206
2 0.555320334323167 0.18740241030782318 0.07685933135366607 0.37480482061564635
2 0.7491696227238267 0.22601316683001266 0.07353575455234651 0.4520263336600253