2 0.18608603311753635 0.27504181181987103 0.07290689528454561 0.4983208158162583
2 0.15217128954332698 0.3242899241525965 0.05332390714754372 0.591771103256036
2 0.5678560034600411 0.06099010348816954 0.10446200692008212 0.0613283441748825
2 0.11650304498053443 0.3655514028813963 0.06767025003718104 0.6688220668242834
2 0.07998988342154752 0.4041353542819175 0.06977126091159595 0.7556641720874413
2 0.04258272532260168 0.47025898786798676 0.08389211072131554 0.887886396788605
1 0.48201263984733805 0.4790226631625314 0.09900518577927464 0.15823728141841206
1 0.604538897261712 0.545355188519401 0.071997016805914 0.13825398383588663
2 0.5155864852084335 0.5769132299778865 0.08902800790866543 0.06830411339878394
1 0.4630464170333754 0.6947035265122101 0.05295785672980173 0.18969090487958984
1 0.43801192494204083 0.7562991762981056 0.1244455375661607 0.30689225713652907
1 0.4131074254363324 0.758776196530032 0.06494320357377195 0.29813702229261746
2 0.2922776833078168 0.14989563777887718 0.06373353064607841 0.24813702229261755
2 0.5127639382507326 0.20228081702516812 0.05729784684397003 0.1111111235058189
2 0.4732703567298017 0.21441113380927454 0.03553954646340927 0.37261487652989395
2 0.3610250247145793 0.21832088274768022 0.09679538144438116 0.3893567449777312
2 0.4312420242202878 0.2185088686085451 0.07485671444818678 0.38543861136487745
2 0.23973761513275882 0.26768593431320076 0.0709623933073793 0.48243944537022737