2 0.7541205133278351 0.2748044452118092 0.07750052586424747 0.14384821557259875
2 0.5336799811953815 0.23649573484021164 0.07557431301126591 0.12345501565003088
1 0.6470210671679011 0.27706858914628824 0.1371937746106063 0.1649827060311937
2 0.36847853002088254 0.3131938616190724 0.08463106426490725 0.10622030655599651
1 0.8341239135652619 0.41889434853708457 0.13022837226160852 0.2989686841607609
1 0.7317574315119506 0.42343066935360607 0.10915970282385175 0.16846348305948938
2 0.2791348851937321 0.34620894853728434 0.08338681301126609 0.1238981726232764
1 0.32839675079142283 0.47679873766227815 0.06202863855894432 0.06437032997507151
2 0.8846587741483878 0.6205501275097942 0.1480858105039836 0.16306505472774752
1 0.32242056927947216 0.02221413308951132 0.06359113855894431 0.04442826617902264
1 0.22520120612255687 0.6096849101005851 0.05779577962517113 0.08948514645102268
2 0.9466706923325034 0.7643902563405393 0.08103470282385175 0.1668681179558056
1 0.8148978551063426 0.742647476232181 0.10714256175762457 0.1429941410049421
1 0.6056137833195878 0.7596002252471408 0.05812605172849494 0.2822012846769529
1 0.5560684243858146 0.7878171405358106 0.06302884890464319 0.12020789342684803
1 0.4517446372387962 0.8140600125052195 0.13698317445232178 0.06608656585223895
1 0.640040259104693 0.8478404888021492 0.07734741316955063 0.22243978722363508
2 0.8297165245440992 0.8713800494404704 0.15111988229073817 0.15816617538506633
1 0.32141227955866414 0.8290749471563895 0.1028354949854351 0.07682703049990755
1 0.194304210279192 0.8057972373310889 0.056824313011266 0.12239143891424173
1 0.7030774681967508 0.917943609627215 0.101272994985435 0.07673839910525858
2 0.6751340438109361 0.11601194639067929 0.2685179824490227 0.23202389278135857
2 0.8495944862099464 0.1474375718787274 0.09646112602253183 0.24380793248734295
1 0.13992631802583094 0.04543146132236027 0.0829776360516619 0.09086292264472054
1 0.45966816818411543 0.1212834388925477 0.12091555674305994 0.21476918200985046
2 0.24411972453146397 0.09413015413395712 0.0871483105039836 0.1596084303364324