2 0.2647597495929629 0.2720057341072668 0.07016822402541764 0.13591905419003747
2 0.48641656128136024 0.241057320816784 0.06995003571381489 0.11551089092473134
1 0.37190009374876426 0.2771252585094649 0.1296250446422688 0.14639274570295485
2 0.6498984086835724 0.32517443577391236 0.07910684740221222 0.09554809033654542
1 0.18185752069628128 0.41376910024216446 0.11393758928453739 0.2858823699105476
1 0.2843512751605081 0.4229378365951675 0.10160913879807003 0.15526073930424747
2 0.7378347853067779 0.36183404398473673 0.0777352621748646 0.11333100608083485
2 0.8886221692368792 0.012996954880861476 0.1866193384737585 0.02599390976172295
1 0.6852785754848197 0.4906703895822591 0.05838524431795715 0.05631783174700276
2 0.1261587199649326 0.6142195850503916 0.14209777110331837 0.14443554219761848
1 0.7051375133926806 0.026040223580155442 0.058712526785361166 0.052080447160310885
1 0.7852297568965636 0.6275757141255588 0.053970479707460585 0.08160535449007532
2 0.06044399106825097 0.7551664529439024 0.07197618587597072 0.15895246497635998
1 0.19316103368192478 0.7399285769227957 0.10133640340856669 0.1297505352226151
1 0.40134172645775434 0.7644951464235031 0.04206258928453739 0.2824679227192931
1 0.45013378246410884 0.7953573712311717 0.0574227621748646 0.11236605361374104
1 0.5536269752399384 0.8248971572930541 0.13481137662320536 0.04719985823600102
1 0.3648781209378673 0.863215372642188 0.06344666558343129 0.2375887349523013
2 0.17449858278842034 0.8952302640837667 0.14108074188232514 0.19538172324803038
1 0.6835872106294418 0.8442465110078582 0.10060001785690745 0.06087298420220693
1 0.8115894797041653 0.8266802959171481 0.05122730925276535 0.11717118597865449
1 0.2984406432590016 0.936560199719372 0.0963216209411625 0.09891560898609567
2 0.3488971960222405 0.10703044328123534 0.2585682508107789 0.2140608865624707
2 0.17347050202859488 0.14106971146368177 0.08373189204448091 0.23600266701123168
1 0.8846710547885384 0.05878987380387564 0.07748980032431163 0.0903718224073655
1 0.5633824358759707 0.12892759782717736 0.10991256249917605 0.2015502422154531
2 0.7796932284896445 0.109718571268416 0.07967959172016936 0.14911951890797395