1 0.5962996250424091 0.28278016758738583 0.026364092558271324 0.06970301465826464
2 0.6844742368379741 0.39578022136626756 0.21760914065150558 0.18276956301139144
2 0.5562227512659443 0.43044680736461155 0.06210816351699648 0.3783434001205096
1 0.4150173979078998 0.48191742545571414 0.016770837748947897 0.05849493971697086
2 0.3366567849312083 0.510511315470862 0.1302529843909034 0.10965850567916201
2 0.460776331210344 0.5439568472623468 0.07429565027015243 0.20350500650414713
1 0.5200422038056823 0.5377871874489681 0.055034729581579886 0.09777168392659014
1 0.6230307945498552 0.5297761408725152 0.020550602176918176 0.0918605943270317
1 0.6584871449126749 0.5446903042871084 0.05498016587924912 0.09499390614881252
2 0.37269597785229946 0.5948780036490814 0.10626984736759475 0.08163831832592779
2 0.7476042086150058 0.5465469256781516 0.12616568511654264 0.1401655793196263
1 0.5604117103442862 0.04699226924354997 0.021349210344286364 0.052987866076506726
1 0.2714162200477511 0.6501031921285747 0.03379464664195542 0.05033937340563897
1 0.6277381419174499 0.6102993751513434 0.05249008293962447 0.04775552328822654
1 0.3130407248570745 0.6607860463230459 0.05081845553496285 0.04218380709430707
2 0.7484598696849314 0.6298883393306667 0.02872520072563951 0.030846447046103422
1 0.37466027113621025 0.6948780036490815 0.02921627404661713 0.05584644704610327
1 0.5604067981780523 0.6832326654615712 0.047440484390903315 0.10880199184588248
1 0.7412029303920373 0.698032778397223 0.05281746515360961 0.06442218995489321
1 0.5376314639724834 0.20003669755432985 0.02749008293962447 0.04749695307440626
2 0.3780481328469573 0.23085982965328244 0.2949405108845912 0.4612907301539023