1 0.6 0.3338146078988614 0.021875 0.06779821776483119
2 0.68046875 0.4657548772163158 0.209375 0.17194167162211424
2 0.55078125 0.471546395705769 0.04375 0.3772631021963289
1 0.40625 0.49323674261670597 0.0140625 0.05628298126151839
2 0.3265625 0.5030035525051384 0.1265625 0.10099127579811046
2 0.44765625 0.5634341627509301 0.0640625 0.2005360504382755
1 0.50703125 0.570672182398329 0.0515625 0.09711167203297512
1 0.61015625 0.5843399709087235 0.0171875 0.0897779647517325
1 0.64453125 0.6069514559677439 0.0515625 0.09433389425519717
2 0.35703125 0.5948574193125025 0.1015625 0.07747585232084317
2 0.73359375 0.628225152105509 0.1203125 0.13400130881768257
1 0.58125 0.09395581806868868 0.01875 0.050969900941283834
1 0.25234375 0.6269421390570009 0.03125 0.04883872379102867
1 0.609375 0.6648551139250589 0.05 0.04703084695453488
1 0.2921875 0.6470587341127847 0.0484375 0.04139446632053894
2 0.728125 0.711275597664301 0.0265625 0.029151804111263068
1 0.3515625 0.6945745315379613 0.0265625 0.054151804111263226
1 0.5375 0.7236371603168041 0.0421875 0.10496005489566629
1 0.71640625 0.7773360762426654 0.05 0.06369751362120155
1 0.5484375 0.24086960253255305 0.025 0.04573764569948967
2 0.38828125 0.23675169865908666 0.2765625 0.44763937221727035