2 0.8578125 0.2841796875 0.28125 0.189453125
1 0.11220736723786069 0.23890973265106508 0.0798710384745874 0.06420459618439622
1 0.10167166052177153 0.3094949680405685 0.07416667549789598 0.08359947848964455
2 0.27066716406515057 0.010121372261561665 0.06945932813030113 0.02024274452312333
1 0.18414934382421574 0.35166750050879636 0.050892866604888544 0.08894747463432573
1 0.4900942981780522 0.4739769632751829 0.09090279691210786 0.17960943080283576
1 0.171297168959292 0.42328043628383166 0.0403174651536097 0.04577417309219811
2 0.6194668288480913 0.571801454956461 0.22515380054030487 0.2898950273926215
1 0.47410968882955784 0.601356237321282 0.06597222958158007 0.0697571438712048
2 0.15935764183263199 0.026610773640709615 0.18434028366526398 0.05322154728141923
2 0.15224461251335528 0.6367165320628385 0.08786707694917477 0.12684096387914812
2 0.4380382025397379 0.07183725801673939 0.26045140507947584 0.14367451603347878
2 0.77421875 0.1376953125 0.4484375 0.275390625
1 0.10035721949959694 0.7101583284300719 0.026036710344286274 0.037654845779006685