2 0.8515625 0.3017578125 0.29375 0.169921875
1 0.09780334269572594 0.27035115382751745 0.07710794000636334 0.06082126495980911
1 0.08909196137013467 0.3413674593936633 0.0694772533418178 0.08012521751493062
2 0.24861931333545445 0.02675930874713568 0.06598862667090888 0.040971798536979236
1 0.17147774737427085 0.3818400200648873 0.04611247867599957 0.08725582518029518
1 0.48108965205281573 0.5001932691375873 0.08132382001908986 0.17809968393776043
1 0.1612129567154523 0.45378742864205746 0.03789998933799978 0.044059777735416694
2 0.6116316747294517 0.5957632817225701 0.2103760680299077 0.2814367370337676
1 0.4674276887332697 0.6267145289923182 0.06311816534054522 0.06822462955902786
2 0.13861760467059073 0.0401559772743491 0.18036020934118144 0.07749346623220506
2 0.14680665340545124 0.6681538540078127 0.08239542401336304 0.12541076842673604
2 0.41709714067472686 0.086333703812023 0.2529442813494537 0.15575647772508708
2 0.7671875 0.1494140625 0.4625 0.263671875
1 0.09672538474695085 0.7418717331161025 0.02378294533736347 0.03779126733463545