2 0.4137544695529873 0.3455747742459859 0.6301965601084587 0.16330153151832036
2 0.03767375858420698 0.49377858421412174 0.07278403590796176 0.26114749478419175
1 0.8042436350476401 0.5182301144024878 0.16964994554888194 0.26136048448768784
1 0.17923454468856048 0.5337275910120397 0.06967721662612099 0.26623840118352726
1 0.35824078863843634 0.5570472673480995 0.19150676483072288 0.25681222259389264
2 0.9518624818496274 0.060742898195028525 0.09418633723582168 0.12148579639005705
2 0.10358055971567515 0.5721902092737458 0.05889425273047451 0.30996330933249755
2 0.5647407735131258 0.6223217011032168 0.2187055899662962 0.4389281192358089
1 0.24628166500367352 0.7144482121015494 0.22846134328594586 0.10245709709720141
2 0.4222447221852659 0.7611743913646984 0.06297269867214013 0.13652384092520412
1 0.22932596916020379 0.7810078123974312 0.27836134933607004 0.07540673978555104
1 0.87109375 0.8044041450777202 0.2546875 0.3393782383419689
1 0.19122652634179613 0.8339291830988337 0.37055793969514966 0.08066541551292118
2 0.5648503787029282 0.8762303216536419 0.2379454275949012 0.1338165022515261
2 0.3755681474424761 0.1618040475069416 0.7355112948849521 0.3236080950138832
2 0.9756499606741926 0.15701564633365864 0.047211343285945874 0.09721153354364387
2 0.8717300751355733 0.15935479241447909 0.04644879488495235 0.31870958482895817
2 0.8006545058537325 0.16864169571783474 0.11370901775758924 0.3372833914356695
2 0.9157436955488822 0.23000015410499638 0.03161361436318444 0.10453135051441538