2 0.41165806899199786 0.3534824560977597 0.6310239034085667 0.14516681649241378
2 0.04155584902377003 0.5326386878410647 0.07460235389503399 0.26114749478419175
1 0.8085387974816426 0.49100543167589683 0.16983303327818292 0.25613391696196697
1 0.1848655182606493 0.560884443175438 0.06996940097293466 0.26619318080806564
1 0.36468938595540096 0.5686374678729899 0.19165348620028233 0.25158565506817177
2 0.9435278575484819 0.04022100128356992 0.10580571509696383 0.08044200256713983
2 0.11032916842280507 0.6070964719748019 0.05793305113509044 0.30987286858157415
2 0.5738558802733581 0.6170046928265726 0.2169728603878557 0.4310204373840351
1 0.2586087556787476 0.7362654458005727 0.22907957386326191 0.09727574994694263
2 0.43633433522405235 0.7674023632374828 0.06235572402541774 0.1364786205497422
1 0.24447411769145638 0.8040525523208268 0.2771897913958578 0.06758949868470082
1 0.8796875 0.788860103626943 0.2375 0.36528497409326427
1 0.20834174877888872 0.8608147130094618 0.36937729139585784 0.07025750083694143
2 0.5835463003210163 0.8693918747121245 0.23878185633066593 0.12863515510126677
2 0.36654834618439625 0.16191709844559585 0.7330966923687925 0.3238341968911917
2 0.9694824314117438 0.11576836082116375 0.05566934740221221 0.09484696184582284
2 0.8625875491064956 0.14459408048386937 0.04705009821299129 0.28918816096773875
2 0.7923841432622969 0.1564490471746237 0.11289328652459378 0.3128980943492474
2 0.9085818875802542 0.19527477290578704 0.032313668019063255 0.10194067693928592