2 0.3594901921310366 0.7353518324121446 0.10988406010845857 0.16370995480230355
2 0.1589680173648057 0.8277532858566533 0.034565897540671964 0.0609755096045335
2 0.08249187577606207 0.8591569769073415 0.10813975292686624 0.10758972855722848
2 0.7765140656676034 0.6588144501872241 0.13167724687674198 0.13986931270954298
1 0.9271816861791082 0.6143610769212474 0.1441863372358217 0.14345297140963803
2 0.3699873305965222 0.8397580368891855 0.07988748789975161 0.06661333121590816
1 0.27783008421075955 0.13249737651320667 0.054842036104353474 0.05104265247117975
2 0.22634485226293632 0.15953487061188362 0.0470477168225127 0.05615580696009084
2 0.7111374878997516 0.03197048411181458 0.0643533914905479 0.06394096822362916
2 0.060197677496705404 0.2497843438636235 0.11921360831306049 0.15029125625034406
1 0.8407522650271148 0.004043739300978237 0.015761355386194255 0.008087478601956475
1 0.3303329154946529 0.178240105426446 0.11440793364502548 0.11358323857954507
2 0.5184459938516799 0.11463239471564601 0.0723931504675381 0.164163460494735
1 0.8681232861043535 0.002365286374038523 0.007885222872636887 0.004730572748077046
2 0.9274755602066544 0.01283613855558444 0.07995112041330898 0.02567227711116888
1 0.15084540339440444 0.25111374265768127 0.014207945745273865 0.045698282704273764
1 0.46385394262201596 0.1474677642736605 0.03303066861791084 0.06928105366758182
2 0.8127727107723886 0.03316862707084364 0.0595658975406721 0.06254058610836531
1 0.327394267855785 0.23585870917710006 0.018859084308955422 0.03478725275602515
2 0.9073357770291672 0.03705460310935699 0.11270907825883114 0.07146861457536649
2 0.025405041859890114 0.3640300506243079 0.048755662567786615 0.10107155141244872
1 0.08237720452587259 0.34225243693677626 0.04396816861791082 0.06996577463800827
1 0.12452834308955411 0.3284068885438429 0.03303066861791084 0.06928105366758182
1 0.8262357679539809 0.08835958914176842 0.014226126463433176 0.05130052360063231
1 0.1573181171918551 0.31934992451211547 0.02051248789975162 0.06289627451930735
1 0.17371073165323564 0.31412116238420695 0.015797716822512742 0.05419946133030107
1 0.8161158793902994 0.10019988326416719 0.011064765027114731 0.03990040724493624
1 0.802866445647078 0.11083525172545532 0.009493174668034853 0.03700146951526748
1 0.9668016806199635 0.061348750894549095 0.012609084308955687 0.034395983630067184
1 0.9129545179539807 0.08293073001910174 0.011055674668035208 0.03709928679675697
1 0.9028073583130605 0.0863676627969627 0.00634999394987581 0.031203594055929953
1 0.9363692920562819 0.07446066967631122 0.015734084308955686 0.03459161819304617
1 0.9238920179539809 0.08224600904867534 0.012609084308955331 0.034395983630067184
2 0.7015221142649889 0.18442026577857465 0.06890453610435347 0.05192300800458521
2 0.8920198492378741 0.13327087116234712 0.17216589149054756 0.10039575530558055
2 0.15434713241536147 0.12621933950997996 0.30834883118569745 0.18453611089600644
2 0.6532568102066545 0.025894745634431275 0.365888620413309 0.05178949126886255
2 0.3885448704133089 0.06964337635658395 0.17081246974937905 0.1392867527131679
2 0.7578125 0.44397759103641454 0.48125 0.30532212885154064
2 0.18962714402463055 0.6437241110952109 0.3632817708808471 0.26358996784897887
2 0.642647604895215 0.5831442143091973 0.1315227107723885 0.09225026509049536
2 0.09943393608091239 0.7824507347101166 0.15504202400410508 0.11892760834645133
1 0.5544936199223296 0.6278865769878632 0.05180793969514959 0.07885822238999336
2 0.85390625 0.5294117647058824 0.2890625 0.20168067226890757
1 0.6677975958200286 0.6277976252003235 0.07676248789975162 0.06641769665292886