2 0.3327935401813371 0.7311788280939101 0.1028989034085667 0.13937351113582755
2 0.12854637094445787 0.7619393183524099 0.03176819724005644 0.05387316826157334
2 0.051518928166980636 0.7715141007797091 0.10303785633396127 0.08061516969867992
2 0.751134437097082 0.7819308234152397 0.12759889448011297 0.10908269000278957
1 0.9027105738665572 0.783691879960061 0.14009889448011278 0.10934344190125657
2 0.3356633957012242 0.8377028900929934 0.07702615016215582 0.04921615299715719
1 0.3021022422893623 0.11136525034454461 0.05347955600635448 0.0375227613948148
2 0.2488681481335609 0.12146153656877744 0.04574887662320544 0.04576315280281082
1 0.8178772467535891 0.10671510369131755 0.01905000892845372 0.031203452777672325
2 0.7379851952114616 0.1260612136999357 0.06013865909060954 0.07966994406673729
2 0.06749146306836905 0.15688002332186327 0.1349829261367381 0.11768161527117751
1 0.8683993981335609 0.13438505253654234 0.012881829545304768 0.039476438172976726
1 0.3491857479714051 0.1711828963692143 0.11172843262955982 0.08354666609609246
2 0.5399062053577313 0.16535544125220683 0.06394549756436803 0.14976314324583584
1 0.8948118936693341 0.15034531278577049 0.006440914772652207 0.01973821908648832
2 0.9533783701303836 0.15436870775801326 0.07565456493480838 0.06879140214710379
1 0.16693630965980238 0.1897946604332245 0.012909103084255103 0.042277558621155995
1 0.4842738141240293 0.1810050773918357 0.03028751785690744 0.06224393561880278
2 0.8375488185882561 0.17296515605853913 0.058276150162155815 0.04882502514945693
1 0.34239027719239834 0.2270749293835663 0.01746023538950343 0.028369738342184682
2 0.9302175596598025 0.20571682323335855 0.11131932954530477 0.041529859373403456
2 0.02863746875041191 0.2597229272154415 0.05727493750082382 0.0880733054112751
1 0.09280333441656871 0.25969131445830296 0.041197744317957155 0.059670973081782056
1 0.13501810795551905 0.25777023166744945 0.03028751785690744 0.06224393561880278
1 0.8455834610397741 0.23056739217641017 0.01140115016215546 0.04784720553020616
1 0.1678169711860439 0.25985526562501465 0.01776024431795715 0.05918206327215667
1 0.18501810795551904 0.25881323926131694 0.012990923701106105 0.05068091996569373
1 0.834550503653448 0.24014315583387907 0.008167056006354301 0.036577535762872405
1 0.8204334565755473 0.24545205084446242 0.006604556006354301 0.036544941775564034
1 0.9868533433450224 0.24752275026871315 0.00967500892845372 0.03100788885382216
1 0.9321112962671219 0.2519842016092791 0.008139782467404188 0.033776415314693053
1 0.9211601594976466 0.2531566039222102 0.0034250089284537212 0.03087751290458874
1 0.9555624330365969 0.2510725511948148 0.012800008928453722 0.03107307682843883
1 0.9430215227281714 0.25501347996861684 0.00967500892845372 0.03100788885382216
2 0.7152959431828667 0.28948674108976025 0.06748750892845372 0.03221386638423147
2 0.9074561696439163 0.29629692197686786 0.1708306972400564 0.056774033132017426
2 0.1679142029220993 0.06092682282332381 0.3358284058441986 0.09944468206121344
2 0.6863369204546952 0.0535407436965342 0.36482615909060956 0.0860257715918676
2 0.4181636189125677 0.06895927823449492 0.16679776217486458 0.1239031419263949
2 0.7524805231352085 0.5634271314636023 0.4829136858759707 0.18090729542991055
2 0.17684907487920698 0.5891824822099293 0.35369814975841396 0.17273012953619152
2 0.9323079395294187 0.0712793387144077 0.11975912094116267 0.10611859961806844
2 0.6248952654245707 0.6658290352983478 0.13023297077900686 0.05872770991017943
2 0.07490672240385989 0.7005581421671089 0.14981344480771977 0.07879186886975126
1 0.5340793506519184 0.683546427171718 0.04909206493480802 0.06823730436286166
2 0.842795831577195 0.6773786976483123 0.2995557150969638 0.12107138995124701
1 0.6454844549539895 0.7180897824183273 0.07390115016215582 0.04915096502254044