1 0.3364591538853837 0.3087424473596894 0.30156354176169425 0.459720639224444
2 0.6808767743968887 0.34849376606663707 0.11141928903121964 0.1420215298055542
1 0.6866495305452086 0.4871390014594507 0.07699883723582168 0.12815347393135915
1 0.11799497931554462 0.4482589923229155 0.131423758584207 0.5065060486489024
1 0.5973688619272978 0.5487135263994564 0.06904998184962743 0.08842212757952433
1 0.6590239794137405 0.5683959119193215 0.04387726502711473 0.037798969649431136
1 0.20980522941374047 0.5595690903563614 0.06791472872636942 0.21240197968118915
2 0.837657518641352 0.6510669623737019 0.12378293364502539 0.10268930929830526
1 0.7406234373574586 0.6953375815951182 0.03309430113146803 0.08243893699960611
2 0.9475365126894235 0.7337063865678192 0.09145222267624505 0.24188625620371204
1 0.7113944796101321 0.7884371409904267 0.03348518657189174 0.19589540137955333
2 0.6887170663549745 0.11380342897062358 0.09719316256778665 0.09425180821921703
2 0.8301864279876847 0.32504058165053573 0.19408738504764003 0.555227531864637
2 0.9512301810127468 0.34193185907495277 0.09410556576579943 0.5585396494846331