1 0.32746937730745573 0.33809887324096793 0.2952056013685439 0.4523513041704551
2 0.6728364213080921 0.3471501746676488 0.11028406667727211 0.1373002426825755
1 0.6836097419637289 0.4849291396064056 0.07585452267663584 0.12769566584551115
1 0.11535918129377454 0.49791919299769716 0.12216809070654362 0.501876976638858
1 0.5963819146244564 0.554546857107098 0.06776930267345431 0.08773396362600566
1 0.6595904392902747 0.568210259860818 0.042423857336090796 0.03637366691936655
1 0.2107893126193658 0.5989468110364009 0.06393632535009015 0.21151419823097795
2 0.8404404499522748 0.6351634400076989 0.12251134667409076 0.09833659156359949
1 0.7455092106142752 0.6885661571358513 0.031795440006363404 0.08069113605480295
2 0.9516864852800933 0.7092543041740679 0.08601132001909022 0.24161276919493363
1 0.7190643419398663 0.7836054685713777 0.029452237348817432 0.19399405411159168
2 0.6713295599936366 0.112168132302274 0.09591248400699967 0.09175440296187196
2 0.820792663311592 0.3108696183841125 0.18653967337681615 0.549879557530096
2 0.9484375 0.31926121372031663 0.1 0.554089709762533