2 0.46185795285270287 0.34739435785884193 0.740958947890304 0.21450370994775136
2 0.5648952156729845 0.436632834769592 0.5320548287837162 0.16638836651593764
2 0.6561944578151016 0.4949763520845157 0.3472774143918581 0.08571547041426694
2 0.7151349642252424 0.5398259004243603 0.22674659057054072 0.07364869263795365
2 0.1643879474760194 0.46444963564028113 0.09458906203449331 0.09452735786323561
2 0.696804495242489 0.5850531551143527 0.14080909057054072 0.07098194660725375
2 0.4005288087247244 0.5689205584368604 0.12791098428423417 0.11499001442849277
2 0.4936259913135476 0.6065034718556517 0.03208906203449331 0.0925879062045447
2 0.5400472270455239 0.620433817453936 0.04011988585581072 0.10116367099521457
2 0.6790562231165825 0.6525026320265673 0.21889985731976366 0.13169110822248342
2 0.44610021215832785 0.19286404400617074 0.8609504243166557 0.38475836218299614