2 0.4558648742406943 0.33729671596290395 0.7364856267092363 0.29571474743611303
2 0.5514488247537844 0.4379118140603574 0.5293628045209029 0.22478152783078195
2 0.6380760025654512 0.5063885334888817 0.3452774388295833 0.12377758823110728
2 0.6929083197197914 0.5561470887615276 0.22620013050895835 0.09632108805430054
2 0.14923236132291645 0.41986658137066496 0.09665810087368061 0.10474944239337276
2 0.6712145044653123 0.6015440700897702 0.14015352773541673 0.08621002432985689
2 0.3764838859242011 0.5509906975740563 0.12819904160312506 0.1276181120305441
2 0.466508820669722 0.5986987284107422 0.03404899810013902 0.09512321423014103
2 0.5123661813270484 0.6177077939033477 0.04197060087368065 0.10361815941721172
2 0.6485030498681594 0.6649804457881948 0.21915134992375015 0.15449280953389652
2 0.4536133496394096 0.21082702114714647 0.8615233007211808 0.4204904369473844