2 0.08748018574951498 0.2967601429739255 0.11284722958157996 0.08197468962170788
1 0.3287425920101172 0.3548781131684124 0.05643353847458741 0.0745454260263506
2 0.2258829760382009 0.43332671177335225 0.13319942431676957 0.21638208806596834
2 0.6136731527172232 0.4091467795788559 0.28436013103285873 0.1343685401990092
1 0.3448884363824872 0.4762914197577801 0.11081350362819711 0.12824405152073126
1 0.7165451815731638 0.46382696722304084 0.10692461179556503 0.09580970971605093
1 0.5373586785779388 0.5197805768137014 0.035029764427970275 0.028074056147780177
2 0.06700893992586622 0.1244478448559047 0.05294643992586621 0.12543095035636703
1 0.4425298174153459 0.6074210986847182 0.678730179126093 0.23034139964935593
1 0.181069016959859 0.7532223073721185 0.06646330290255768 0.10240400699594714
2 0.10316469473518963 0.13339735854652512 0.0408283858421822 0.14152691647097898
2 0.25180309137714507 0.17379137494204533 0.2729910998146655 0.3147894237682
1 0.07150795616793501 0.21586282924313518 0.03584821996293312 0.06279627837000233
1 0.10734625244707072 0.24449500245899977 0.020967264427970277 0.0279528513600519
2 0.5477430739539499 0.20097736765514748 0.3673611479078998 0.40195473531029496