2 0.9241414423449651 0.3297314068856393 0.1139547036472223 0.09572335191376262
1 0.6814993474552081 0.365011070606924 0.0590853656913195 0.08270495917017183
2 0.7792997613991665 0.4529266236859454 0.1410640239356944 0.23094210142385885
2 0.39527090672576365 0.3909838707968633 0.28543096656500017 0.17438368155918182
1 0.6593139165094095 0.48502711664884246 0.11468205547083343 0.14212706421074625
1 0.2898924224933331 0.43778082984602934 0.10948540919430556 0.10952296863119958
1 0.46525479198437464 0.5097705692035964 0.03644664627652787 0.03341407539060094
2 0.9533951440923264 0.15734918854740335 0.05825021751493083 0.12906817247660288
1 0.5558784855636107 0.6071491101995018 0.6767482572181945 0.32831943832745625
1 0.8077838648382982 0.778041974275373 0.07042290919430556 0.10851049386738174
2 0.9165854751143747 0.16410137886251497 0.0475309230620141 0.14270579323182905
2 0.7670212329981595 0.19001079580136598 0.28347103590354195 0.3482761057012128
1 0.9441461242406943 0.2491990152867098 0.03695579255305574 0.06589667399848957
1 0.9070455145332984 0.27451269052061494 0.022347778685347208 0.03072939886077738
2 0.4740524829981596 0.2062306415177259 0.3831450340036808 0.4124612830354518