2 0.40646327640886987 0.20666033908382153 0.3450793762235353 0.13561493847083447
2 0.701165651999433 0.27541388276854045 0.042425602176918174 0.07984208040127369
1 0.7625297379342824 0.2925725344741839 0.08699405771188111 0.11680805132726432
2 0.8930704098039813 0.32709813221635636 0.19993056733052797 0.1389005684509677
1 0.6030009705110873 0.2608561999750376 0.03412202885594055 0.058154072466569395
1 0.6572321135248457 0.35066140841755744 0.04647818511654265 0.12049819049639643
2 0.7784796309480407 0.38135710069536405 0.1848313569862416 0.09317957660286744
1 0.33246029201796645 0.2978227901895542 0.10198414065150559 0.15775577348562705
1 0.48638390018533445 0.33535990576925234 0.05439981252120454 0.12547975451701943
1 0.8971105798595815 0.4239234788982487 0.06032243030721958 0.11132658091251565
2 0.09749501497612444 0.2831999088728555 0.18879465988879932 0.19823316864326895
2 0.9576016465571374 0.4792682881217919 0.06497521397248321 0.17823567430119447
1 0.8213466880269497 0.4553367411499087 0.0535813569862416 0.0896802318439884
1 0.5489731802224014 0.4015070600939706 0.1169196598887993 0.19631686079912097
1 0.8833729728733399 0.5119165266620633 0.08159722958157971 0.08565682174543926
2 0.6988987691524757 0.47714701545921423 0.18479664065150558 0.15996369339301497
2 0.40156990136646076 0.4548911923832586 0.18328870435383654 0.16230866937170638
2 0.15536456787868208 0.47330626909912804 0.31072913575736416 0.2446086228774307
1 0.38860362069642174 0.577532104263847 0.04053571996293313 0.06548061246588409
2 0.6242336189671412 0.15276422092763572 0.7484077620657175 0.2918643337491727