2 0.3575114133115919 0.26060218733856483 0.3432965613462722 0.16079295748027445
2 0.6533238999840917 0.20809464160367105 0.04278748400699968 0.08063393738052488
1 0.7159057159850462 0.2001325440608086 0.08682838534372675 0.12076452637975747
2 0.8583295733211369 0.1754256933918467 0.2198408800127268 0.15292024809878818
1 0.5570028833147737 0.23365677230374568 0.03326703333863605 0.061124194732717976
1 0.6260705093093647 0.29760621802358805 0.04623974801081765 0.12373225255111442
2 0.7489176633115919 0.27799790469834584 0.1835579346753633 0.10597697447233023
1 0.3042585966343197 0.3776075562025498 0.1027806493475448 0.16441839340215642
1 0.4591915446371832 0.3522629399629629 0.05408861067790873 0.12885274214823275
1 0.8708835699793191 0.27148136102914355 0.060211341343090655 0.11242407416005637
2 0.08615458131763709 0.45973611833259403 0.17230916263527418 0.21302832258404245
2 0.9465011879774101 0.29632910773455645 0.07790791868236298 0.18001373361261877
1 0.8039864239735921 0.33296913262786215 0.05381589067472703 0.09305321947520172
1 0.5323563246340015 0.391326329765374 0.11713405068427196 0.20322954675334168
1 0.8748801793045923 0.362381817078584 0.08190452800763595 0.08952994145203537
2 0.6909137119669106 0.4031481635749429 0.18406701201463563 0.17280275012865481
2 0.40100577995704745 0.5012795472882473 0.18250451201463563 0.17273330614717872
2 0.1656489879455934 0.6197412316897333 0.3175340400222717 0.264624342969404
1 0.413350691279457 0.6247815156415346 0.03955339600572696 0.06617524034836014
2 0.5685949113224096 0.14822402575880442 0.7815601773551808 0.2804759357780894