1 0.8234958498097196 0.09424582147866799 0.10959517589344295 0.09050456278253154
1 0.4181663626613009 0.2374432049231506 0.0745198389353046 0.05547998858961945
1 0.6976801077183851 0.17414475812621988 0.03414950692008212 0.06468254809323422
2 0.9222026052469271 0.1368572854868994 0.05522601087441501 0.10174793500809352
2 0.21755620901097927 0.36851374073841014 0.044161176882026074 0.09506803802463452
1 0.44576212205284105 0.32054977427846654 0.039826503954332716 0.03831255725385031
1 0.8027005301517869 0.21931668916431152 0.024519838935304607 0.05215420101897685
1 0.8394829471479813 0.21985050439331127 0.02633700692008247 0.06416289378532133
1 0.32106321098814566 0.37951144673110254 0.042726010874414924 0.1009164881154329
1 0.888366116121342 0.23746198101758453 0.02789950692008212 0.06426682464690392
2 0.03963413885875496 0.4995653742988174 0.06500687056996624 0.3401549656880794
1 0.4141075568435325 0.48657869485455085 0.039091674904859805 0.07689910258274392
1 0.15901815022746146 0.5944491311086951 0.030706171939110228 0.04959373398911654
1 0.04627541110187639 0.7003023351493007 0.023721342889637353 0.08776455587167999
2 0.276366181824942 0.11871686112780996 0.05863485376405224 0.1881613896791999
2 0.7833364234219851 0.03622439427445883 0.07604784684397004 0.07244878854891766
2 0.13014243923931584 0.1955026132616497 0.25748353064607843 0.2935185830005101
2 0.6531369288591925 0.09203507770367826 0.21877385771838503 0.18407015540735652
2 0.3610568582126766 0.20100614451155213 0.03953734387822054 0.09773243591607725