1 0.18154428043880919 0.13474203505706597 0.10860343262955988 0.08896384384885624
1 0.5873891314944694 0.2555444472102105 0.07390115016215582 0.052378789591185054
1 0.3074113051955755 0.20804794451677983 0.033385244317957155 0.06341599141149484
2 0.08268404058507892 0.18319896451543113 0.055587526785361205 0.09972316976542674
2 0.7886010296280302 0.3749269280333554 0.044595479707460584 0.0935098790959235
1 0.5600629724038599 0.3397170230578954 0.03938978246740419 0.036689257721573526
1 0.2022874285723701 0.25813634924044754 0.023928423701106104 0.0542523606030934
1 0.16633629180289491 0.2604277797771309 0.027135244317957153 0.0632770534596252
1 0.6845584119332786 0.392162144617517 0.04155230032431163 0.10239563400058574
1 0.11692662703024252 0.28241743853616424 0.027135244317957153 0.0632770534596252
2 0.9655805409921161 0.4963403307334281 0.05933190990138826 0.33856387440264796
1 0.591361790992116 0.5046592406016245 0.03820911201270878 0.07844556800972549
1 0.8466981274372796 0.5989627845749681 0.03012387662320535 0.048421149301231786
1 0.9598196903434928 0.6994122415802123 0.02422843262955965 0.08708818149861579
2 0.7283510965914333 0.1300476508356342 0.05794095941492117 0.18632506843249866
2 0.2229193027599435 0.05464971587638646 0.07603639448011297 0.10929943175277292
2 0.8729953948871501 0.19995167181287338 0.2495205332781829 0.29504028790482206
2 0.3536783790588374 0.1077037366446039 0.21764324188232517 0.2154074732892078
2 0.6439936875008238 0.21548803549412984 0.038372753246411054 0.09635601577091953