1 0.33958329796829834 0.46955503512880564 0.06261040919430556 0.10772833723653395
1 0.44456108548736084 0.5011709601873536 0.06082970364722229 0.0936768149882904
1 0.25833329796829835 0.46955503512880564 0.0590853656913195 0.08196721311475409
2 0.5637643739563538 0.572599531615925 0.10861389342673622 0.1522248243559719
1 0.49952003600045103 0.5843091334894613 0.042079703647222286 0.0936768149882904
2 0.691204921827743 0.11358313817330211 0.03027068787965277 0.13817330210772832
2 0.7117531579600346 0.148711943793911 0.048403745250347185 0.1990632318501171
2 0.3790497607335763 0.14168618266978922 0.33877547853284734 0.28337236533957844
2 0.7350445343849304 0.20843091334894615 0.05956075721819456 0.31381733021077285
2 0.6741817291984374 0.05269320843091335 0.022493249050069507 0.03981264637002342
2 0.7626597348980206 0.29156908665105385 0.07729507750666684 0.4496487119437939
2 0.8415471478920484 0.3430913348946136 0.18667138392743077 0.550351288056206
2 0.5371148742406943 0.27634660421545665 0.042952525835555734 0.14988290398126464
2 0.34794327146715265 0.28337236533957844 0.32122299620027783 0.1592505854800937
2 0.34409026643315954 0.3805620608899297 0.2771820554708334 0.1405152224824356