1 0.34135805995386576 0.5033452744340334 0.053888616008908666 0.09928717990151963
1 0.44913419728677495 0.5061488161451181 0.05377952800763595 0.08523565765327594
1 0.26150692795195674 0.5258123440521209 0.053688621339908774 0.07352605577973977
2 0.576177955283275 0.5425695694057027 0.09634883601209036 0.13515175471104027
1 0.5134597792807296 0.5717626423302071 0.03348520934118149 0.0872233187888777
2 0.6447761506604094 0.06294202597729913 0.01667951734563573 0.12588405195459826
2 0.6695488839910914 0.092631193812939 0.028089732017817327 0.185262387625878
2 0.33559150732018245 0.14303304191754823 0.31317380402608974 0.28606608383509646
2 0.6995903726527735 0.1474006281892304 0.028944254694453164 0.2948012563784608
2 0.6209664806651819 0.011065928681016272 0.020567038669636162 0.022131857362032544
2 0.7373080013128647 0.21908767118307343 0.03161581604072552 0.43817534236614686
2 0.8221915313096829 0.25451582443500465 0.1368669373806341 0.5090316488700093
2 0.5127528966422739 0.2603417339155424 0.027689742679817542 0.14566232531375747
2 0.32637904463718315 0.3197906574818681 0.3163704346753632 0.10152337892448506
2 0.33500860996181997 0.41564588858066315 0.272529528007636 0.08905075715133658