2 0.71328125 0.1759133579755941 0.1078125 0.2882190809734084
2 0.07734375 0.22514641935000013 0.1546875 0.40534901847528115
2 0.33203125 0.3130505404509992 0.0984375 0.5406357901022473
2 0.48203125 0.3151135314682279 0.2015625 0.5983216526063674
2 0.23984375 0.40891222516173564 0.084375 0.3321822021101125
2 0.77734375 0.4201669691907003 0.08125 0.20002897032159822
1 0.1796875 0.4429119514350814 0.028125 0.15286223216404493
2 0.61328125 0.06920095197908956 0.0796875 0.09041302858464433
1 0.96640625 0.5811678294744708 0.0640625 0.11223113930499375
1 0.2640625 0.6191952771406996 0.04375 0.060819402342571806
1 0.35234375 0.6341251987617359 0.0671875 0.09550796659912615
1 0.73828125 0.6362290999241584 0.1046875 0.1279759615444447
1 0.50625 0.6644415272674165 0.0765625 0.1127541788186017
2 0.88046875 0.09723485416673042 0.1015625 0.12503621290199765