2 0.6987824127641783 0.1640889834666053 0.12118517447164337 0.2746971766667917
2 0.0756721656910446 0.27845182592765305 0.1513443313820892 0.42207219118114875
2 0.3231779038853838 0.3351955508673538 0.11895102966144577 0.5498473156647942
2 0.47324153639894107 0.3218091036823353 0.22539192720211787 0.6132819155754061
2 0.2353233798812787 0.4410848360698506 0.09796584308955411 0.3411322079158554
2 0.7715154099355079 0.3848584698225356 0.08972609621281205 0.20878283630973807
1 0.1765841841360048 0.4835769085745321 0.03330337939029935 0.15305837198164787
2 0.5944085301524252 0.06279841518058765 0.08305793969514959 0.07930783340686655
1 0.9640705485973854 0.5207418810779041 0.06600679508134384 0.12072348553632978
1 0.26747228366846654 0.6475139945683525 0.045521578258831144 0.06650275980986273
1 0.3549677384889268 0.652579765545631 0.07063975292686617 0.10406569276966306
1 0.7395427263886785 0.6068654777800886 0.10982042759490121 0.14221704518227238
1 0.5096416029503074 0.6632658626725975 0.08163179508134384 0.12137728492833963
2 0.8631539849728853 0.07544825910518232 0.10494203005422946 0.08303214131972551