2 0.6892203033834914 0.333032094631888 0.25756573817418305 0.4181346617306629
2 0.22799630190061668 0.3052094874889075 0.1246418557412186 0.13287387077230178
2 0.4979559748283101 0.35221394679826956 0.050244033611827985 0.19356725854467846
2 0.3493102277940596 0.3628625680643186 0.06303319368794007 0.15656403847968914
2 0.95625 0.450187969924812 0.084375 0.3815789473684211
1 0.1955140657407811 0.38267994366641817 0.08239600593149907 0.037247894762351325
1 0.1986682406456409 0.4297380654135831 0.06629084486680367 0.0684807359946647
2 0.4296781601132932 0.45539748928582524 0.13603824806001477 0.46934003618583575
1 0.2287496714819997 0.5117138426055109 0.10630834980971962 0.09831723832040484
2 0.5056769274134988 0.5571339851154611 0.04935801285158128 0.07527748700141437
2 0.7586891808735399 0.5874717751021477 0.10592634783255335 0.08703904283168304
2 0.06580134391540157 0.537716322311087 0.08398768083635884 0.08424037596535884
1 0.651863519314553 0.6120779159011503 0.08076452174882984 0.1272765370396534
2 0.33422769174795486 0.6315819817351418 0.09153487847863158 0.2609977458328244
1 0.5892481141813566 0.6751433070028279 0.05028384288963732 0.05654613506436889
1 0.22308194471370432 0.6438059760609689 0.15579369665368964 0.17735412381805982
1 0.07627061170989871 0.6395154641582917 0.03290534190105419 0.050184991334276244
1 0.11494845113949496 0.6758652733082953 0.04597302768032887 0.15960139099019802
2 0.4736987100367435 0.7416160173475141 0.07828150889724857 0.05396826636296166