2 0.6483579510651328 0.260716383895321 0.26244423916276605 0.4204901618017546
2 0.18775869068500955 0.3327676777437341 0.12626802273741297 0.13311178599949886
2 0.4589797746773983 0.32141756999055926 0.05336903361182799 0.19304183787719303
2 0.3107996012554133 0.36406395022631544 0.06615819368794007 0.15584160728546373
2 0.9337251066926207 0.315636219351294 0.1173572322426839 0.37699143291319975
1 0.1583630093543591 0.4171580525408102 0.08245967292769345 0.03798931096708442
1 0.16302133444949934 0.46397553180129475 0.06635451186299805 0.06946294284319131
2 0.3940949209133461 0.43966519231361695 0.14235191505620914 0.469709202869925
1 0.19638032110362647 0.5390970901806598 0.10793451680591395 0.09879594419139533
2 0.4731656555903069 0.5247743068555968 0.05098417984777566 0.07654423497936527
2 0.7261142420541535 0.49985146056908863 0.10755251482874754 0.08751774870267352
2 0.03854457581798707 0.5999724924014201 0.07708915163597414 0.08314584340760241
1 0.6206799841454882 0.5478736498184205 0.08239068874502423 0.12812737390559742
2 0.3047247203053237 0.6355929906084374 0.09472354547482595 0.26180477295029253
1 0.5603526377958097 0.6237405380875098 0.0518463428896375 0.055911293735672406
1 0.19420371437382467 0.672490111068755 0.15898236364988402 0.17721987841888068
1 0.048095376921394775 0.7000551468339181 0.034467841901054175 0.0497909406493736
1 0.08776537197847892 0.7271131229293232 0.04909802768032887 0.1591197504397661
2 0.44798528897467327 0.7151489367433161 0.07990767589344294 0.054819103228905694