1 0.4547810318194793 0.2660536892107329 0.017769381458888844 0.05039998933799979
2 0.491027656344514 0.29177984786764244 0.046403527735416714 0.09480451734563582
2 0.408215156344514 0.2937070692234596 0.06366376291777787 0.10145450668363551
2 0.2753481049577432 0.29211039592618515 0.1433148953265973 0.10018400270527099
2 0.7181538540078127 0.3349447611394635 0.40032861474138903 0.17177248010817686
2 0.2740226475107988 0.37966493992682154 0.12587282218833334 0.07790901336727121
2 0.8602517414506252 0.45823462110128343 0.05872168977951375 0.07947041868236297
1 0.25222103590354183 0.4536296985996394 0.04596711664124999 0.05730451734563573
2 0.7587983442241668 0.4699731944621912 0.14029899810013902 0.10948627737108918
1 0.44984157152274323 0.5131105025461874 0.06460801386770836 0.0483658693507266
2 0.5733654180280209 0.058301206635910506 0.6936058360560418 0.11660241327182101
1 0.7512774381639933 0.5623606891311911 0.034847778685347205 0.04142497867599957
1 0.6966808571419447 0.5714458824793722 0.026962543502986235 0.03499316534054522
2 0.98125 0.090625 0.034375 0.18125
2 0.9456047471502085 0.14086278520850576 0.051783318388611124 0.2817255704170115
2 0.5521275040840625 0.1700128411840069 0.6033081443766667 0.1639996268299925