1 0.44648236364988403 0.2875 0.019832338935304606 0.053125
2 0.4835831156270503 0.30625 0.05047484387822045 0.1
2 0.40190203410611947 0.3234375 0.06778967787060922 0.10625
2 0.26956703657757747 0.346875 0.14766817885919253 0.115625
2 0.7109586991251475 0.3078125 0.4060191897336075 0.21875
2 0.27369346247102044 0.434375 0.1300350098858317 0.09375
2 0.8598073760071738 0.4046875 0.06265650889724839 0.084375
1 0.25653513737588024 0.5125 0.04808467292769336 0.059375
2 0.7604122124710204 0.434375 0.14317167984777565 0.125
1 0.456199556349241 0.534375 0.06677100593149916 0.05625
2 0.5508104249048598 0.078125 0.6953708498097196 0.15625
1 0.7584159723568522 0.528125 0.03689250494291585 0.046875
1 0.7049235578321158 0.5484375 0.028889003954332537 0.0375
2 0.9628010889353046 0.053125 0.04747717787060921 0.10625
2 0.9256658448668038 0.109375 0.06383168973360753 0.21875
2 0.5363778517868859 0.175 0.6078363577183851 0.23125