2 0.9251165287711224 0.4891713761086848 0.14118557222466918 0.6368556269547353
2 0.7473189109851076 0.4641827750703214 0.3208730722246694 0.6478553708981796
2 0.5392509506408214 0.4961100960156632 0.17833834264308948 0.5570872512249472
2 0.41880698666833804 0.6626930951270513 0.10229665389834963 0.30630413035546733
2 0.6796055882122841 0.7856176229899697 0.18466766587924913 0.09100325041088275
2 0.5117633237843139 0.803552092709707 0.12211310217691818 0.0848298346771353
2 0.3380083652541261 0.7729340719387404 0.07180556733052797 0.1356639967437421
2 0.40256937305867446 0.8227260176141048 0.0711855192372937 0.041862933076052655
2 0.28088534601683246 0.8070493592807151 0.04324405771188111 0.11516295496871991
2 0.3250792901190499 0.8579452734811092 0.05561508293962447 0.043253851443085474
2 0.23213782197021535 0.8510803926945307 0.0464583377489479 0.05206962312058189