2 0.9259459540955571 0.430696696343924 0.13959777088305217 0.6262727579656758
2 0.7415709540955572 0.42424955905294826 0.30649417245462873 0.6227292195714139
2 0.5342100643108049 0.47809768939624475 0.16517565963434713 0.5450965951731875
2 0.4191950322601009 0.65619799905613 0.09354460049533805 0.298725032749296
2 0.6821273717971842 0.752340707789568 0.18328768899896417 0.07206556330808574
2 0.5152288161728318 0.7876290237856031 0.12086046360606986 0.07222751088033394
2 0.3404471399941492 0.7744674535137199 0.06955482878371626 0.12905530716181524
2 0.40636108436979673 0.8178966462585295 0.07125856989237604 0.03297508597652593
2 0.2844133097626909 0.8159823970760568 0.039357906533975306 0.11158528390182577
2 0.32994197953123255 0.8610487298241006 0.05585189371369372 0.03947097193062058
2 0.237536155709915 0.8648674146997395 0.045132717535011316 0.04613076815482553