1 0.5254966521907507 0.15940669076268676 0.11997730925276535 0.12396072859509073
2 0.41772506249917624 0.17051889321615155 0.09862050649282175 0.17145955260049855
2 0.7454642788139562 0.185888813706502 0.13283186525911983 0.15830602503971772
2 0.892557467125559 0.19663570419347473 0.15706820616851047 0.08782136019701302
1 0.140227353895034 0.2484903989029172 0.1814875535707224 0.1821801312368743
1 0.644552389608849 0.3280767530891538 0.05391593262955983 0.07831287071440717
1 0.7172768234562248 0.3296367278140376 0.09448638555165907 0.0758886924068676
2 0.3892609176120262 0.3619997285576619 0.07579093262955983 0.07978311887394766
1 0.7982092236183805 0.36804274793113256 0.05341710064862308 0.17872331690625143
1 0.2503075117678275 0.38165558449382814 0.054009210225699975 0.3822265466032504
1 0.4710700251605081 0.4093738583686171 0.05679547077900686 0.0553270298771102
2 0.13090512662320544 0.04097456908785818 0.24618525324641088 0.08194913817571636
2 0.5848149253226639 0.4455745062464012 0.10887616801906326 0.10776168698954718
2 0.4161194724005647 0.4620710597952578 0.051090941558013726 0.10645335072696172
2 0.9891403664769356 0.028985121964792516 0.021212526785361518 0.05797024392958503
1 0.3080575564100962 0.5196275236888829 0.07317622158978576 0.27534435435669696
1 0.8867420693990351 0.028136209542475078 0.07266593262955964 0.056272419084950155
2 0.5803284281653329 0.042053250849486336 0.2121102621748646 0.08410650169897267
1 0.4326585413958578 0.04609862594243937 0.08094208279171564 0.09219725188487873
1 0.3013676310874323 0.04669589990245857 0.0839852621748646 0.09339179980491714
1 0.2582308802733581 0.613246785340541 0.02918866801906326 0.10240578297979214
1 0.46463088473758507 0.6135597032825456 0.054134120941162676 0.09893142741543802
1 0.38022861119863466 0.6166533408817162 0.06334547970746049 0.08409761624375366
1 0.5127780584386912 0.6567484152265803 0.03908186525911965 0.15200496149882958
1 0.4284439687471166 0.6662853517948231 0.027127336038126514 0.2027112114459553
1 0.564036595370322 0.6984384319254376 0.054270488635914306 0.1118180253535822
1 0.318256491068251 0.7446178989780012 0.029925053570722504 0.17199341184577152