1 0.49942674065086434 0.17278422602330976 0.12274770401018138 0.1283903869890036
2 0.3929949273154099 0.20263659088974745 0.1027806493475449 0.17657961802348235
2 0.7205477626511826 0.16042997587560037 0.13550224267981753 0.16495276344994292
2 0.8674773066518189 0.14705916586162537 0.15846702800763596 0.09884227086059584
1 0.12031085797263763 0.3277651861316722 0.18568405601527202 0.19264556826277232
1 0.6272602919716832 0.3198970899038937 0.05525112133990895 0.0819964794908363
1 0.7007523359723195 0.3093457055154629 0.09585794000636341 0.08097884216414675
2 0.37522507729950155 0.39656543164421487 0.07712612133990877 0.08283630840057284
1 0.7833739319700923 0.33322820888442045 0.05906701201463562 0.18005459937926704
1 0.23667110729631985 0.44053414392376833 0.06519083736472578 0.3838428101397481
1 0.46011769796309265 0.43066723169478743 0.05821248933799979 0.05892057876071036
2 0.11158238999840916 0.10009231708138588 0.22316477999681833 0.14002155140423855
2 0.5748250879615018 0.4455880268258869 0.11171929734245403 0.11508387459599091
2 0.40735577729154737 0.4919551728156924 0.053888616008908666 0.1102870071754869
1 0.30294044995227487 0.5681093085905493 0.08007040268936265 0.2787725848396336
1 0.8514079586648637 0.006280399995818453 0.07530908267027243 0.012560799991636905
2 0.5464750106620002 0.04827274794083589 0.21642497867599958 0.09654549588167179
1 0.39870967266072754 0.06141537140128841 0.0821590666772722 0.12283074280257682
1 0.26808638132559126 0.08375426691454717 0.08679202267663584 0.12443334847823607
1 0.2584904686107753 0.669015770533734 0.031959072008272395 0.10171521950286375
1 0.4641501226130025 0.6340655218900337 0.056959072008272396 0.10267502397113415
1 0.3804563752785025 0.6514501258127715 0.06466248400699967 0.08751104534169529
1 0.5146768339433663 0.6681983932906637 0.04326019867918127 0.1536815257103094
1 0.4309376332750027 0.6920262961824737 0.032686325350090153 0.20480800300801838
1 0.5683376359405028 0.7009226293389454 0.05704997867599957 0.11556162190927834
1 0.32559560526736664 0.7888289825479949 0.035574968013999356 0.17142282392737698