2 0.76875 0.3218562874251497 0.459375 0.6077844311377245
2 0.07952133010002485 0.45452592969809014 0.1481312746106062 0.19048898514468326
2 0.2579502069804867 0.4290726510582127 0.23705738229073817 0.1844858076024928
2 0.4138137620741939 0.4088496166055832 0.08126202335696497 0.20919986001919422
2 0.5581858877010145 0.4032046869824099 0.06466555674305993 0.24754714830000146
2 0.15901025329870527 0.5469593226514161 0.25503449247815263 0.1342147320909318
2 0.10258440855069706 0.6363430430036795 0.15016513605166187 0.11873721906640926
2 0.4981182174053279 0.5612939007634618 0.0925799565847754 0.131773634029451
1 0.24026626497718778 0.6529180301703955 0.1250574874635877 0.2136571708514999
1 0.3772206956977156 0.621588825720345 0.11361988229073816 0.18035721440090852
1 0.5545417136444042 0.6260234061675087 0.08725595909205772 0.08970068434446696
1 0.16347409593514245 0.7895004230480154 0.08481292069139798 0.13450634263831
2 0.7527662649771878 0.6700595310579863 0.07965405925034226 0.20615358736970862
1 0.32426684342786 0.8367733097400581 0.10698944906292791 0.2579402224109649
1 0.06274432172024763 0.8923647740875416 0.057915451570210365 0.21440397386972343
1 0.10625 0.874251497005988 0.084375 0.24550898203592814
1 0.5372071126281899 0.8214518018439555 0.1835519490629279 0.2605009954094164
2 0.9796875 0.7455089820359282 0.0375 0.2994011976047904
1 0.8292043960142849 0.8701205731287236 0.08325042069139812 0.1344540819648723
2 0.38165682845067217 0.1938109378595592 0.3851886569013444 0.3749747927471762