2 0.22892115208425098 0.3114906995181779 0.451592304168502 0.6226350058430402
2 0.92890625 0.44345238095238093 0.1390625 0.17857142857142858
2 0.7523784994518459 0.42672405496955984 0.23554068511654283 0.16171267026053235
2 0.5952654038983496 0.41355664027321803 0.07547620435383653 0.20041209315170166
2 0.45087056315417673 0.41298677386826943 0.05754465988879929 0.24401577071461167
2 0.8590302927357566 0.5396689981004543 0.25481647477225666 0.10629082909118924
2 0.9206870445498552 0.6248482706813557 0.1486210384745874 0.10337833528101334
2 0.5216220619730503 0.5685395141312914 0.08962798439090332 0.12092093327784798
1 0.7853224634243292 0.64856421872674 0.11922620435383635 0.2028368455049112
1 0.645932581210344 0.6229998273183236 0.10925100362819702 0.16957916047684257
1 0.4697793089778255 0.6355356481785845 0.08573909255827132 0.07908107001452334
1 0.8712624526245559 0.7811734181635275 0.08192461179556502 0.12644032273858435
2 0.2756126467267734 0.68721086088747 0.07391370435383653 0.20032549485337267
1 0.713814540373504 0.8348836908831425 0.10134922359113005 0.24941671354401201
1 0.97734375 0.8809523809523809 0.0421875 0.22023809523809523
1 0.9375 0.8660714285714286 0.075 0.25
1 0.5006424177781656 0.8290154041136264 0.17925596878180663 0.24184186655569562
2 0.040721780754857086 0.7737935996430201 0.05841767912609301 0.2916348183336593
1 0.21299857403876787 0.8903756713037291 0.08036211179556503 0.12635372444025536
2 0.6138839399258662 0.19457422036089203 0.3777678798517325 0.3420389664308536