2 0.3338099728139627 0.26964921590444757 0.09514535672980182 0.22503873051823947
1 0.5796052924718954 0.4080097012906557 0.02908000494291585 0.04785684740221221
2 0.8808176239928264 0.4357247873254869 0.22193334980971963 0.1638865909060952
2 0.4799926116355365 0.5390027824608135 0.14766286167271758 0.27371378408896196
2 0.2752586906850095 0.5725093887947748 0.1978830375661606 0.36290474350388296
2 0.8711123601526619 0.5667293254749338 0.19616934585538673 0.12551383765968432
1 0.39391584878395536 0.6579595137931271 0.022957338935304605 0.05388865909060954
2 0.5234468398867068 0.7469164683367843 0.1164818458553869 0.1227319366867496
1 0.06713583148374981 0.8107307686676863 0.06677100593149905 0.05854097727182861
2 0.0984375 0.9265625 0.196875 0.140625
1 0.315625 0.9234375 0.16875 0.146875
2 0.2408067307226281 0.1913491176914564 0.11325868676785796 0.1944432954530476
2 0.7689953977188224 0.20666103002188624 0.44638420456235506 0.37470272889009104