2 0.647873331317637 0.21614131182373536 0.0950590560152719 0.22718176002545337
1 0.4062483579726376 0.3936161625557324 0.029960220003181704 0.04756589067472694
2 0.10823866665340971 0.4708921133036378 0.21647733330681942 0.17071577339272448
2 0.5071290579646834 0.5084400891948245 0.1453317760184536 0.2752203653723619
2 0.7117892859643653 0.508364079805918 0.19585903469127164 0.3670089707192702
2 0.11759384329250186 0.598744393300456 0.1960397533418178 0.12954533338636126
1 0.5947921426241383 0.6126355985041892 0.022202264003817973 0.056759077339272504
2 0.46760238661682046 0.7233934745385513 0.11635225334181776 0.12769083736472595
1 0.9246427272835932 0.7111948944144661 0.06597044533736351 0.060902232017817325
2 0.8964899079408208 0.8508937410885569 0.194768154678545 0.17950897071927016
1 0.6791569572724574 0.8809481518141904 0.16506247334499946 0.17569308004454315
2 0.7398068399904549 0.12338909579891835 0.11206474267981754 0.19633174936345318
2 0.21714204666613637 0.20900808927436634 0.43428409333227275 0.4069838214512673