1 0.572967522040089 0.4303816068808048 0.31967834269572587 0.31038333820539915
1 0.7006181653405451 0.08733396871748314 0.058467028007635945 0.08113704672239674
2 0.777010679384134 0.5462227804910075 0.09845677601845378 0.1953706799890495
2 0.5762994180060452 0.07302424432819088 0.09920111600890866 0.0951738783263972
1 0.49533451273072426 0.6807302956849844 0.17721812269254436 0.27461745654462694
2 0.18902996873008798 0.6689693458410189 0.05519657733927241 0.06326784381162132
1 0.2278202960693604 0.7319650770436749 0.04309656667727228 0.11205829274758408
1 0.3108600627386785 0.7611782414843463 0.06627952800763595 0.08126662415523729
1 0.392355510741542 0.7925926619306545 0.05045453333863605 0.05650858287530211
2 0.1023390380728603 0.7666272099963223 0.08997156667727224 0.1128357573446277
2 0.8578125 0.26169265033407574 0.28125 0.4209354120267261
2 0.6016363200190901 0.21039698114059802 0.16239200668363551 0.18084301449290804