1 0.4436205412953654 0.382985058022913 0.3212953866963623 0.32166256156562995
1 0.3841386426639092 0.02301835150365411 0.0598477146721816 0.04603670300730822
2 0.22695066195895644 0.4223708875390121 0.10159995735199914 0.19886581452167915
2 0.5058409199952274 0.04132442992333306 0.09921929734245402 0.08264885984666612
1 0.4726524186028211 0.6530617132071105 0.17881698535963508 0.2814002315426175
2 0.7694359645926397 0.7498751871699251 0.05519657733927232 0.06403252009432107
1 0.7198444972549581 0.7970600108103695 0.04309656667727228 0.11250762661244455
1 0.6354967692552764 0.796519708479703 0.06784202800763595 0.08222408024286425
1 0.5519121099220491 0.7981757669730857 0.0520352146721816 0.05948463005718521
2 0.8348058785805493 0.8743436349919003 0.09155224801081766 0.11633325552138281
2 0.17914151265118253 0.16193774684232096 0.32921697469763495 0.3238754936846419
2 0.4563943559834553 0.15817855400404884 0.16399086935072643 0.18760139304217305