1 0.7583339511786804 0.4248781020851931 0.06842530452090294 0.18047745058892564
1 0.1977978011024304 0.2938163760759783 0.03891833605604171 0.09144772877444605
2 0.4435083849742706 0.42097087613447465 0.3088334053945834 0.26900578694658017
2 0.2777567516155206 0.3774671404455336 0.07801851006798621 0.19457770053954643
2 0.08274755029467008 0.34185552058362517 0.16549510058934017 0.2654867421018298
2 0.751337109138715 0.5732018088855836 0.3641378480238888 0.20874747356619325
1 0.2160191646095484 0.42833888025247924 0.078854964665139 0.24831601829655578
1 0.6519540517680205 0.6330931096377094 0.19851154160312506 0.10685291251444018
1 0.34723018417683993 0.6327789114761759 0.06482752583555565 0.1500764326926125
1 0.6108010684855205 0.7168586361326174 0.04585932028847228 0.13589462438015595
1 0.7157606722089926 0.7504864480771022 0.15886846656499998 0.16958360509601766
1 0.2534983679724302 0.6307951035587522 0.05697865824437507 0.147672018792952
2 0.6544316204409721 0.12253151523504965 0.08372299620027786 0.15958534380880768
2 0.33003037927468737 0.181633639602181 0.6024392414506252 0.3626691845508994
1 0.6873869779641665 0.314432940668816 0.1521106267092362 0.23727264914028212