1 0.7538417294967619 0.42412803555475304 0.06670140507947586 0.18153785653534735
1 0.19048112314349247 0.31240202269490547 0.03644842068857255 0.08968226969257187
2 0.4386433154316114 0.4310972047532674 0.30750994355406325 0.2625439895587523
2 0.2722197072642434 0.3940231581473812 0.07634922359113024 0.19346479669789254
2 0.0793030648834572 0.3654588572633912 0.1586061297669144 0.2636279949006142
2 0.7488144343987526 0.5724517386740796 0.3637946598887993 0.19863239470441602
1 0.21078121025946825 0.44735956001715604 0.07604168874473985 0.24716233159292014
1 0.6496031188823232 0.6364915948469451 0.19911211179556504 0.10093303313307352
1 0.34528764111484184 0.646082692677463 0.06286707694917482 0.15108245903568293
1 0.6100842618960816 0.7219614042902225 0.0453521947351895 0.13661515596509768
1 0.7157067793192767 0.7516037977834908 0.15850695916315996 0.16758890520535877
1 0.2514285137101801 0.6483086181548158 0.05500001324684387 0.14854209612764285
2 0.6451190378416152 0.12554935610454718 0.0817807680561673 0.15858119917385716
2 0.31850940862285493 0.18599175445718907 0.6004811827542901 0.37059689160699644
1 0.6805431279528159 0.31584165553368165 0.15065974282842376 0.23276476878113134