2 0.42235571065404603 0.13511702970513662 0.14464088534372674 0.13527991256006142
2 0.5983364079805918 0.21027942711102066 0.21798747867599957 0.12577090818103065
2 0.6708466599697742 0.34020727965759073 0.050727253341817755 0.10714948927652487
2 0.2391335833068194 0.3246353430363625 0.27485783338636127 0.649270686072725
2 0.07421875 0.3180628272251309 0.1484375 0.6361256544502618
2 0.4781137199634108 0.4281102494830814 0.361448766709089 0.5410031923209951
2 0.7044847686187294 0.5570798368948509 0.19460561736154425 0.35753647767889396
2 0.4124785346117298 0.6576730195296236 0.25250792934436317 0.14838906163979346
2 0.11825636728200235 0.6275284902703573 0.055196577339272454 0.07596438740405252
2 0.20858137527850254 0.6663043341503733 0.1399352040101814 0.13243360081996833
2 0.34336490794082086 0.7133805306356308 0.1429329346753633 0.11426133395210729
2 0.5942307106540461 0.1267383042961399 0.20425224267981754 0.1722057949502803