2 0.6095421432701983 0.15674965237437696 0.13803851087441502 0.09350379330723917
2 0.4260929733082543 0.19202426370044634 0.21677100593149898 0.05793523657082946
2 0.3359826264642843 0.30420698365138554 0.04291701186299814 0.09672769140579311
2 0.7709969550194655 0.3424414495151711 0.20800608996106895 0.6848828990303422
2 0.9483897845632301 0.36700005845261996 0.10009543087353982 0.7340001169052399
2 0.5122957756659815 0.43487498826341364 0.3245675543720747 0.4496013228314256
2 0.2716416007611217 0.512379844369974 0.168259204562355 0.310518405022545
2 0.5438747450199031 0.6777741233220336 0.2514006739162767 0.07014611715305938
2 0.8364150720922098 0.7133787514566626 0.04983817391627667 0.06026844177735268
2 0.7423467371112377 0.7311309138101125 0.133351010874415 0.09327407992640875
2 0.6030295691264601 0.7484720598975544 0.1390916749048598 0.07252773285523517
2 0.4421291501902804 0.10975617618953412 0.19779551285158128 0.11220296981530128