2 0.8539420905554713 0.20125577634518052 0.03971700585373235 0.20121215728668176
2 0.3598557472695255 0.31935522222661594 0.20175339754067192 0.06458806493261132
2 0.909846656910446 0.3050658254079143 0.05675906010845892 0.15730106204837727
2 0.7035966569104458 0.3114660158815941 0.05167158430895533 0.034933380951753336
2 0.21863637051150478 0.0319827467543214 0.08460225897699045 0.0639654935086428
2 0.6410057533196497 0.3411832453180627 0.05969316256778665 0.09906470129797845
2 0.7909966629605701 0.3393063391149825 0.06443520472226431 0.11587682683904697
2 0.47847848224241085 0.3545591529639922 0.019149975799503238 0.12280405771982951
2 0.5362728015242516 0.3583207157352588 0.10043633723582168 0.13643645598723866
1 0.725326211165172 0.35523165224549674 0.014153403590796287 0.028214154400983203
2 0.694048940087933 0.3645347114081755 0.028234084308955333 0.03420608657974419
1 0.5955750786516146 0.3787004588817247 0.03151362041330898 0.08152528138490094
2 0.37681598829253504 0.3882663174649204 0.11427157825883114 0.06742838816599964
1 0.4486818979334554 0.3888137258352036 0.026726126463433177 0.05082426695494367
1 0.862708036497137 0.38707596970748803 0.057985216822512696 0.05457177056206667
1 0.7204750847017388 0.4053771111198985 0.040706813231716585 0.026260643578148942
1 0.31109099434265924 0.42085829726210133 0.02199317466803503 0.03678991919165292
1 0.9454387232654204 0.4095061962597226 0.02198408430895533 0.034012141413875145
1 0.378142138956465 0.4604400533956754 0.039207945745273864 0.045656601731126206
1 0.654704638956465 0.45185797980596837 0.05187157220870695 0.09604449206286429
1 0.9562580485973854 0.44527790333056283 0.050354524004104916 0.109884894660286
1 0.9671500968019873 0.45882738817918084 0.02822499394987581 0.03142830880196641
1 0.8077478257247485 0.4721063232421758 0.01574317466803521 0.03659597402578388
1 0.5311671450065892 0.48624395238743834 0.015788626463433174 0.050484862914672766
1 0.9420682835702706 0.48460316884265714 0.020403403590795934 0.02840809956685225
2 0.9402250242004968 0.10852484488271814 0.11642495159900648 0.2170496897654363
2 0.5432591206097006 0.14593927308961605 0.5650442587805987 0.2918785461792321