2 0.1390004956567738 0.2890440267443463 0.05538532092583344 0.20814195806564584
2 0.6361302067816443 0.2730638740225461 0.20559933664159918 0.10495170464168635
2 0.09202064185166689 0.40690820703221436 0.06991870181924557 0.1672835421833824
2 0.29647054735218487 0.3573908203284232 0.05421661910658786 0.04441471933363756
2 0.36096969499482007 0.3707436587790366 0.0669007096771285 0.11164716154938661
2 0.21255146567298447 0.4090180093256429 0.07358735731976358 0.12863712852981452
2 0.5221062481379732 0.3401560409382411 0.02983735731976367 0.12637402633348543
2 0.46551164578060833 0.35977282296797947 0.11174232878371626 0.15557693041238219
1 0.2782128529765374 0.4070122449200383 0.016425520678164406 0.03136380633995878
2 0.31031687758364324 0.40813310858978946 0.030706344499481997 0.04042456537925495
1 0.40853605376232566 0.3947077953147158 0.038193512820281585 0.0879700879152384
2 0.6255223465663966 0.34593269687229095 0.11944351282028158 0.09217299199413528
1 0.5540839942090316 0.3663173171472124 0.031142992142117264 0.05709123204592162
1 0.14543889433286625 0.47507431277701706 0.06261131596343472 0.06704106694806139
1 0.2872989086008899 0.4552192306389478 0.04306079528527027 0.03551561045122216
1 0.6924016315125847 0.36055318659413277 0.024456344499482086 0.040101265065493726
1 0.06602537613590118 0.5195145820944714 0.024383569892376132 0.037323487287715944
1 0.6297582363511489 0.41803368147685266 0.043570217535011224 0.05496005489566645
1 0.35610456658260725 0.48364778417123816 0.05894266046291676 0.10568748060162944
1 0.057632833331830266 0.5574995325651133 0.059306533498446015 0.11957636949051834
1 0.04791323097446541 0.5746915622416421 0.030633569892376145 0.037646787601477175
1 0.20670603411761856 0.544225182018507 0.018206344499481997 0.039777964751732495
1 0.4805052531003719 0.48416663487967704 0.020132717535011224 0.05374767871906177
1 0.07498515322420642 0.5927619803526011 0.02267552067816443 0.03168710665372
2 0.05854670822938638 0.2041963917774735 0.11316358767505645 0.26938499422283074
2 0.4414854867654336 0.17814566575774932 0.5892209735308672 0.35629133151549863