1 0.6604413447246792 0.6079358057285987 0.146330654678545 0.1250825514926573
2 0.80390625 0.1684100418410042 0.3890625 0.2405857740585774
2 0.3593482753421359 0.10638369958374942 0.5343215506842719 0.2027085465469958
2 0.8466948286919079 0.29502863456812534 0.16833292401336308 0.14092032614935548
2 0.6433880153564535 0.2630263456907752 0.19814769334818116 0.1571843233747191
2 0.33361302601845366 0.20012282736911557 0.4296522320178173 0.19908921433608467
1 0.86328125 0.4309623430962343 0.2703125 0.18410041841004185
1 0.18752891402768054 0.2831140271786248 0.036428396005727004 0.058445979464396385
1 0.2879652660327712 0.3387788810784622 0.16329997867599957 0.10091563863326092
1 0.46762604137490715 0.43535946158290784 0.1920431440165448 0.1735797469934269
1 0.612357286043907 0.46625713140447267 0.10290791868236297 0.16035260887382155
1 0.829718056055043 0.5878961325397674 0.17505563868554433 0.1956546096436185