1 0.6679031831613033 0.5568569043150894 0.1478584899708702 0.12055088083331424
2 0.80390625 0.1098326359832636 0.3890625 0.2196652719665272
2 0.3604805104248413 0.08574283595108281 0.5365860208496825 0.17148567190216563
2 0.849941478688099 0.22921660545250713 0.17005173871722903 0.13570646850903612
2 0.6463618376218723 0.21304329675097636 0.2000574874635877 0.1510446405459318
2 0.33598662727617323 0.1742485328509493 0.4319439849563052 0.18573784056554735
1 0.865625 0.36297071129707115 0.265625 0.17364016736401675
1 0.19108931591425987 0.2686853029414356 0.03716503087881238 0.05732524370993516
1 0.29218045447320423 0.31655742813933113 0.16450042069139795 0.0958479639174365
1 0.4729734648980456 0.39919632995045895 0.19417120031656906 0.16763497473063296
1 0.618004820070895 0.41883107156999844 0.10492684389007838 0.15718531217643117
1 0.8367979356685857 0.5236061207487471 0.1774838054894186 0.1902458414373057