1 0.5633755084375205 0.11347830695442064 0.05665179328391083 0.08649157941202817
1 0.601493067330528 0.10480336024450562 0.03477679328391083 0.085539807460301
2 0.2737723498146655 0.3038293380498435 0.1592510036281971 0.13530304398096168
2 0.826386429126093 0.21235893474278425 0.340272858252186 0.4247178694855685
2 0.12839290634542028 0.5416981773606304 0.25209333429038694 0.9025849536899541
2 0.5238120445498552 0.428601930429083 0.42388396641955417 0.4385764310355298
1 0.831661750084818 0.45028986022144657 0.10621528366526398 0.06997546937378636
1 0.5893998058977825 0.03623798985302458 0.10692461179556503 0.07247597970604916
1 0.7727331833872622 0.5054773265466402 0.07318452885594055 0.05920201705367234
1 0.863085364875608 0.4898520283274021 0.03406746515360979 0.05516597568460014
1 0.5436657314804965 0.6089968596758466 0.027599210344286362 0.04554824644872621
1 0.7938095752198943 0.5373038186795825 0.022584328130301222 0.03132560372742804
1 0.6237624592479779 0.6230530549091076 0.06564484736759475 0.07054434149013827
1 0.4003993703179036 0.702936167213655 0.04080853847458741 0.07646594791112828
1 0.6844544225874891 0.6098876714948502 0.049856156260602094 0.0628551585873692
1 0.5355283384667382 0.6958873519271325 0.040262901451278844 0.05310146192981986
1 0.465253044001701 0.7340273397422085 0.021676592558271323 0.05929500319416069
2 0.3670362880112512 0.8482253732033865 0.23630457694917473 0.15966228319518427
1 0.2714906642347866 0.9763401226870934 0.03777281851165428 0.013313852050757856
2 0.4453175446346732 0.918492302213463 0.2776190577118811 0.12411466581770758
2 0.33307044954451304 0.14210647279518715 0.41301589908902614 0.2842129455903743