1 0.6397630286839537 0.21263538093047848 0.053761346674090583 0.0836246700562825
1 0.6781442760184537 0.22681819361671945 0.03190452800763595 0.08519977842782975
2 0.32348404801877184 0.21797827855430985 0.1556329293443631 0.12687909013364507
2 0.859375 0.375 0.278125 0.5864485981308412
2 0.12025105470240745 0.39777019714174466 0.2405021094048149 0.7955403942834893
2 0.5262379727084526 0.47847096710264864 0.4125021893698165 0.41611709740456965
1 0.8081794107256336 0.677484772884944 0.10516021467218159 0.06439122035005214
1 0.6921698660089086 0.12219463042601332 0.10261701734563573 0.139048812600727
1 0.74036520206077 0.6949789931221713 0.07229317067154532 0.056239864215784016
1 0.8281379220639515 0.7330710830004683 0.03323067067154497 0.054880328096884944
1 0.5010663447246791 0.6562848002988064 0.025345445337363513 0.04526262648058145
1 0.7516208753978152 0.7362475137027529 0.02211135733609062 0.031135172002284668
1 0.5733867873965426 0.7160293374117868 0.0645715773392725 0.06765019998265862
1 0.3456612293920882 0.6590514166390451 0.03808180267345422 0.07607150981433039
1 0.6329254193984516 0.7391238696956914 0.04732953333863606 0.06004265829595023
1 0.47275098806490606 0.7312133230100732 0.03944430800445424 0.050424956679647
1 0.39772371606458795 0.7250983407645903 0.020767033338636054 0.05911817373509863
2 0.2785924554025877 0.7723400293996369 0.23388519867918128 0.1459533025583595
2 0.0681731234086329 0.8315873194043095 0.1244920173456358 0.13981015282731052
1 0.15272084607731462 0.8567201791033752 0.03482953333863614 0.05960760673790223
2 0.3272941320814508 0.9083444578572175 0.2746192866804539 0.16138591171079975
2 0.4234925913430905 0.12218681632050936 0.40636018268618096 0.22903806521983436