1 0.6741609325613194 0.25234880886060673 0.018242160144236054 0.05972383834229518
1 0.7093710807377083 0.2946316903612372 0.05323540919430556 0.09583818169355221
2 0.48753179511850675 0.3262550869403382 0.24055357123840276 0.09419284091918173
1 0.9553381973789582 0.26918974078848196 0.044587761017916706 0.13606272515503495
1 0.6392943168699998 0.3219610110068007 0.03353985182361115 0.042140927153103074
1 0.6682726488419789 0.3629437236497747 0.025872822188333443 0.0499161225850975
2 0.9094834495631596 0.0789458297336241 0.09665810087368065 0.07953285963210693
2 0.8132805967896181 0.08067829452276537 0.11093880642076392 0.09236677614719989
2 0.6985271125571875 0.11411484701687598 0.16544577488562506 0.17201577241288976
2 0.46367868066145823 0.1736257107587128 0.3382676386770836 0.3199961867921591
2 0.18457110248920122 0.2596044981880111 0.13037979065319455 0.13183638841122627