1 0.28691104547482604 0.2898365810252142 0.01590884288963732 0.05923456124321178
1 0.2603458868815886 0.3383715071217866 0.05130251482874763 0.09291904428217412
2 0.48226996642535314 0.32348552842540695 0.24116351087441484 0.07581345206577511
1 0.023210642813087663 0.3658263718862123 0.027575854752635447 0.13246246037161485
1 0.33332047186256053 0.3512318549215659 0.032523339923887916 0.04166384729710591
1 0.3129416462731288 0.3979780929876808 0.02490184091247105 0.0474422174566351
2 0.03363485376405227 0.12662518934520609 0.06421369171077376 0.15608438678757816
2 0.11372160178688592 0.11751283500165056 0.1077090237259962 0.14963644506830376
2 0.23282177026595505 0.13312290412336553 0.161181533611828 0.21230891861460136
2 0.4764908572240934 0.16454919540087412 0.3342317144481868 0.3057736475174318
2 0.7653769436879401 0.19464717457092712 0.12869268577927465 0.12212097623295806