2 0.19059608597231945 0.33484569132597175 0.18210452267663588 0.13291624083289671
2 0.4672762172979107 0.41752452374724724 0.3810692813494539 0.2191835827492331
1 0.1719091732972744 0.4399502185680375 0.05219884667409058 0.09488179929253572
2 0.035190423297274384 0.44666787020621734 0.06493520401018135 0.12979677614189758
2 0.5179751039545021 0.5403208247185638 0.1803602093411815 0.1064542433969112
1 0.1265324912874112 0.5648295465490341 0.09153406667727224 0.13637896474362518
2 0.040558628620320315 0.5743291152907712 0.06602498933799979 0.06127196619002022
1 0.4469438939370029 0.7614153306726903 0.2556885680299077 0.38446891444495945
2 0.3744363786600912 0.07361785354247508 0.08550224267981754 0.14723570708495015
2 0.6969284493157281 0.20920878337622487 0.603018101368544 0.41841756675244973
1 0.36171765531509176 0.209063168692731 0.03989884134309048 0.12329136070174908
1 0.2663778833147736 0.217704115190223 0.050418170671545234 0.06314275700166887