2 0.816496111829102 0.3862308045187814 0.18009656615858277 0.12722673223007722
2 0.5336063437769252 0.4224585995481797 0.3787795058537323 0.2080038969308444
1 0.8239404522863774 0.4924268962524851 0.05031816256778647 0.09455553922008553
2 0.9589694372592629 0.5226455990350334 0.06292724687674181 0.12674705560405433
2 0.4707290938751211 0.5347319709417077 0.18000566256778666 0.10091094275639301
1 0.8555126391528567 0.6237519249922493 0.0895079275949012 0.13331192265683
2 0.9405688952029809 0.6485261669948833 0.0658158975406721 0.058479145226362265
1 0.5183666422761146 0.7639372133748814 0.2512544695529872 0.3754092750477962
2 0.6628994549186561 0.0840853082196729 0.08185905405833438 0.1681706164393458
2 0.3173233345053471 0.18668896300927096 0.6247283309893057 0.3733779260185419
1 0.6592381237329586 0.23343817255059746 0.03790906615858276 0.120258759678222
1 0.7536693797830829 0.2577529877915706 0.04863748789975162 0.06026844177735261