1 0.4874112827020893 0.41288028400459303 0.8106658746817267 0.214616495680047
2 0.038955601368543834 0.4275572843871375 0.06364542401336301 0.16519640913235728
1 0.45816013470718 0.47603850082308286 0.747656797342454 0.13985936303347785
1 0.5131476267106798 0.5165691622121152 0.6491829346753633 0.13090240883089374
1 0.5965328387173613 0.5947769433675558 0.5102840666772723 0.14880551479046877
2 0.1650464813812705 0.5777846211611827 0.28519316000954503 0.1272250569010627
1 0.6667100734006788 0.7949730380248053 0.36499084269572607 0.36795829441470035
1 0.4666918920671333 0.8000873353620436 0.05561584269572588 0.3560500226979043
2 0.16438450473422417 0.8168929231961525 0.31935107869190793 0.3197025257007183
1 0.8921918787396329 0.8547879289726085 0.10152723201781769 0.22090340189859345
1 0.5046875 0.17571059431524547 0.9875 0.35142118863049093
1 0.5196147080283169 0.32505397799563523 0.9091761000159083 0.228741408538962