1 0.5103645480084162 0.4130437541154059 0.8117758029025577 0.14447573151592316
2 0.9551487691524756 0.45777291323779934 0.06119544954451328 0.162013362265865
1 0.5347544235989794 0.47777560524203816 0.7478571466419552 0.07506591106689672
1 0.47776781361751286 0.5147289797286362 0.6494742103442862 0.07386400056071103
1 0.38957584365457976 0.5876459303439284 0.5096131021769181 0.10454757465349444
2 0.8194716747801059 0.5981811528260012 0.2847767932839108 0.10364129320194769
1 0.304660151914615 0.8007868473679263 0.3576934820286507 0.3768393244114552
1 0.5052777108076224 0.8008103764950164 0.049608163516996484 0.3521351339577321
2 0.8145609415703288 0.8301399157125992 0.3337450613400783 0.2780613511718219
1 0.07644338267732129 0.8507521826533218 0.0960813702330856 0.26121124996036665
1 0.5014409597113141 0.1531405582364834 0.9939930805773718 0.3062811164729668
1 0.4833680275899962 0.3239473424648332 0.9102678666048885 0.15083228119736672