2 0.7775148306413193 0.34807330744742565 0.43846361067790873 0.15627248603151025
1 0.49497505064450104 0.3005562916754692 0.03815452800763595 0.100775736897939
1 0.5362813033100011 0.3166906122780546 0.044131808004454244 0.05923835971426215
2 0.8442296159691377 0.4216853916117886 0.3037977093411815 0.10904831770278443
1 0.6678034759707285 0.39719963038399253 0.04573067067154533 0.0648262376405651
2 0.325997783975183 0.33178769785696605 0.29703972668681733 0.26999781696015834
1 0.799362011298547 0.4721530929343749 0.014280676002545433 0.03362423467006042
1 0.8961188326305016 0.49221263547627286 0.028415901336727244 0.04502624711789862
2 0.580839277967865 0.4329057388075087 0.08081474267981754 0.1738706631303425
1 0.7172307639640472 0.48573394624791116 0.05499658267027261 0.04835350519838326
2 0.5126796239656379 0.4606663823466609 0.051309056015271894 0.20103431586391862
1 0.6336097419637289 0.4881713660795889 0.03468408267027243 0.047933314378666284
1 0.7686023599618199 0.5159672511492439 0.029942038669636163 0.03950301393309069
1 0.46010860729631986 0.49430580514884337 0.029996582670272432 0.04783634726642402
1 0.21961087663113799 0.46988371560929054 0.07705339600572705 0.07658379616662532
1 0.4208733846276382 0.5198866347690458 0.040824994668999894 0.0313959371949895
1 0.37559724729472904 0.5133937304618139 0.0299238573360908 0.03672523615531276
2 0.6051409386537279 0.18198552429445788 0.7865931226925443 0.3551147190041125