2 0.7659672260643055 0.32796621444575613 0.44320579255305576 0.10980935097424493
1 0.4782126529260415 0.3265844770239463 0.035611498100139014 0.09693453140671393
1 0.5203092339480901 0.3365849372857215 0.04127961664125017 0.05294283004631855
2 0.8378961242406943 0.3887849083533813 0.3115921166412502 0.07252396843143806
1 0.6563915511024303 0.3950998033604047 0.04291485182361114 0.058611571372886334
2 0.312423345555347 0.38686560040437595 0.288810539703264 0.24015744053968655
1 0.7925466034391319 0.4480591138795322 0.012900043502986236 0.031461041723653535
1 0.8894579710303123 0.45229885390451396 0.02707164627652787 0.04081304699609708
2 0.5720704492788192 0.44459992016680466 0.07402068787965277 0.16909543435545246
1 0.7108601923449651 0.4755067871202284 0.05367051386770836 0.0455149828810832
2 0.5058635678199304 0.4842905622287346 0.04317073138263901 0.197387274490763
1 0.6277567516155206 0.49173016347880133 0.033358013867708355 0.044043567857923925
1 0.7637488030022915 0.49741065889020053 0.028561411094166544 0.03537067721155375
1 0.4560447525654512 0.5265585437751821 0.028670513867708358 0.04370401054488708
1 0.21500152526687474 0.5410723794837398 0.07427395459715277 0.0692086201264647
1 0.41809015767569424 0.5585643074931101 0.039353440729444425 0.02505186649752855
1 0.37272310628892336 0.5594485868004216 0.028525043502986146 0.03259289943377597
2 0.5928765246012847 0.1694560747590506 0.8079969507974306 0.3110684498490873