1 0.32227029494335335 0.3160811158719764 0.3643250741437381 0.5966951915603803
1 0.14379778505752167 0.38492656898807875 0.036338042509076504 0.33382408893890025
1 0.508386867072744 0.41274655892027845 0.043299013840164415 0.11019722354175629
2 0.07307540266173837 0.454668056364866 0.14615080532347674 0.47119178283282487
2 0.5833139298105946 0.5776161463585389 0.11942906821223893 0.5386046338149977
2 0.6605303458182059 0.586482906404432 0.09044722235685221 0.43939161969114504
1 0.4507269228905123 0.625440501069788 0.07072367688202626 0.08319657021261516
2 0.27593516992476286 0.6402747313569155 0.2060881739162766 0.06652502757537532
2 0.5773145750951402 0.0922176519648715 0.09849584980971962 0.13344051217151925
2 0.5217914979856526 0.6933606346086824 0.0508462114824372 0.3525402571196904
2 0.3548149036131405 0.7717891488376426 0.31366986364988403 0.25188689320357627
2 0.5809343932330171 0.8639235976078059 0.08383117193911023 0.04521170746557066
1 0.4088710508376714 0.9266257211181196 0.025665844866803768 0.09133107067932407
2 0.07618049802283365 0.12996328449403938 0.1523609960456673 0.19807089888498597
1 0.5766806333471853 0.9411306967254404 0.052581171939110403 0.04371186064915231
1 0.4575486313700191 0.9508951963488238 0.04489600593149916 0.04849153812030516
1 0.5102743137264337 0.1780229955939993 0.047917529657495274 0.23398355608876267