1 0.3434591803248164 0.27980967532561946 0.37245663935036716 0.5596193506512389
1 0.16191366363176898 0.29415543312546577 0.04023986975432585 0.33346394698046594
1 0.5204104737400412 0.37785802986269734 0.044142456584775405 0.11203939884809758
2 0.08098557554767834 0.35073095126615617 0.16197115109535667 0.4737958294264506
2 0.5821399324363875 0.5525374494644473 0.12664403417751763 0.5394565202825162
2 0.6567080234234719 0.5748625960712657 0.09522889812585582 0.4406636176185057
1 0.4465290413701606 0.5822020451249906 0.0718128155185486 0.08707597402517996
2 0.27262854011651944 0.5691768898144139 0.20586956677218976 0.0729036430556611
2 0.6141928806413854 0.06849881945694962 0.09785848997087002 0.13699763891389924
2 0.5115486361181689 0.6588983331161008 0.05618311850068469 0.3519550569012963
2 0.3403950501456493 0.7114823590882031 0.3154384465556454 0.2641071080430809
2 0.5568036486545813 0.8379160985470937 0.08358538981258548 0.04619875886906066
1 0.38201659732179766 0.8751486751952801 0.026591243731793845 0.09092598205889542
2 0.1058491832278103 0.06669539831315072 0.1726766335443794 0.13339079662630143
1 0.5468687075092122 0.9141944564262309 0.052335389812585474 0.04529901325420398
1 0.42832329598901414 0.9060155516183559 0.044613818025830906 0.05022871602574769
1 0.5401499753893938 0.14416073437485666 0.051012233702664035 0.23588570089651167