1 0.7815805743725349 0.295847993929817 0.052508057370694416 0.06820830308271231
2 0.15641953305375025 0.5141781178464941 0.30040134992375006 0.14351876430701171
2 0.4197728650257294 0.4608364167057352 0.141861498100139 0.08990522052860934
2 0.6456261969977085 0.40785832992816085 0.0983297036472223 0.10510600377156039
1 0.32800359232430576 0.4916782186818976 0.014680749050069507 0.044407188719527646
1 0.515775696047778 0.4533942382334077 0.020821646276527873 0.03665529111339172
1 0.561088196047778 0.4529548708778928 0.012863675911805572 0.02616287145439496
1 0.3482628473582989 0.599569328166972 0.14793096656500015 0.18890900565734073
2 0.1656100822563196 0.2770777463920993 0.32998366641250026 0.47188617388246806
2 0.4542907225489238 0.2469311356758838 0.3068358007211808 0.38052823217061044
2 0.8359940110179167 0.16379215571837324 0.2698787017473613 0.19529908567102439
2 0.6501480832062502 0.22810265223506376 0.12096972948277802 0.2719696282182856