1 0.2110813705341255 0.4008560260671638 0.04906479139585782 0.06304330851896385
2 0.85078125 0.46335078534031415 0.2953125 0.1099476439790576
2 0.5866404780826074 0.47646069799915197 0.1397443384737585 0.07358101697582599
2 0.35869275608578466 0.4801297232719395 0.09311480032431163 0.09439875759165729
1 0.6804177516215578 0.4845634366627772 0.012936376623205348 0.04261614176946069
1 0.4915598031636854 0.4931356536562288 0.0175420560063543 0.03503698550892469
1 0.44638367085843705 0.5035736057105202 0.011182961850553142 0.024200118812676013
1 0.6745592637964224 0.5967175113677173 0.13768300649282175 0.17549242655963884
2 0.82890625 0.24345549738219896 0.3390625 0.41361256544502617
2 0.5251790523529064 0.27272512407065347 0.2878387394466932 0.34909837708769137
2 0.1403637215897857 0.2829136851185178 0.2625193652591197 0.16709887043225616
2 0.33107054220663673 0.30191979474677233 0.10423530681713329 0.2624865183690146