2 0.5298536471901096 0.29472880650732225 0.1617758029025577 0.12787825872256478
2 0.37269342241785297 0.38617232315636596 0.05923115626060227 0.07442971341436888
2 0.19489580463183817 0.37497086338490454 0.04366071996293312 0.0767354378577147
2 0.10292655944116161 0.3666743517389962 0.03762897477225655 0.0877135935568408
2 0.5394890528177397 0.44098679388322803 0.1238938569862416 0.10715501414637142
2 0.7316393472827769 0.4768647253954211 0.19378969473518967 0.16795954726604065
1 0.9114533328548065 0.5047528259562895 0.08546627404661714 0.05849880867632325
2 0.21995780281773963 0.4509576340447377 0.0633730192372937 0.04664302401432589
2 0.3544047246874385 0.4830529884685064 0.06709821996293304 0.07746679532677418
2 0.454831310622288 0.4980645759325566 0.03966270072563951 0.0319451860983392
2 0.4251165618882323 0.07031680185881414 0.3810168762235353 0.14063360371762829
2 0.15359373675315607 0.1755144605675473 0.26156252649368783 0.3510289211350946
2 0.8077256760460501 0.2262577080499787 0.3807688834799293 0.4525154160999574