2 0.4681174864166321 0.32892431036555625 0.16097517401194458 0.1288168787562965
2 0.6247136317432294 0.42146844427216146 0.058758057370694415 0.07461440155321004
2 0.802620426196146 0.4121722760847542 0.04316942496187508 0.07674564437666681
2 0.8946624558314238 0.40487572120413706 0.03706489532659703 0.08759814150604939
2 0.45752678495361127 0.47424041573543274 0.12322060087368066 0.10782075042148165
2 0.2651035488213197 0.507922375716235 0.1927343202884723 0.16899883755382758
1 0.08507120991548636 0.5337882303271606 0.08510235182361114 0.05904684430888902
2 0.7770580349536113 0.48746205555129746 0.06308188145888885 0.047030584261728514
2 0.6423745636389586 0.5179806393075318 0.06660692496187508 0.07771544680814818
2 0.5418297029816321 0.5318660444077168 0.03946254350298606 0.032171892941358096
2 0.5744012411662848 0.09733894393469221 0.3800524823325695 0.1628683681167907
2 0.845259908244375 0.20988056078561854 0.25926981648875014 0.3605385197554325
2 0.19066398043270844 0.2494250861185188 0.38089154977125017 0.46551683890370427