2 0.2171875 0.34444444444444444 0.05 0.18611111111111112
2 0.1703125 0.43333333333333335 0.0375 0.1388888888888889
1 0.20625 0.5694444444444444 0.0328125 0.1
1 0.5328125 0.6111111111111112 0.0265625 0.26944444444444443
1 0.475 0.6527777777777778 0.0453125 0.18888888888888888
1 0.58125 0.6666666666666666 0.059375 0.3972222222222222
1 0.6421875 0.7722222222222223 0.046875 0.13333333333333333
1 0.9375 0.9222222222222223 0.0546875 0.06388888888888888
1 0.496875 0.9722222222222222 0.096875 0.05277777777777778
2 0.8421875 0.1111111111111111 0.3125 0.2222222222222222
1 0.65625 0.1527777777777778 0.0625 0.2972222222222222
1 0.584375 0.16666666666666666 0.075 0.2833333333333333
1 0.5109375 0.21944444444444444 0.071875 0.275
2 0.2765625 0.23333333333333334 0.05625 0.21944444444444444