2 0.8003447734984629 0.3906952280038714 0.0679365228654909 0.1992101601723803
2 0.8421528167823737 0.48945882757145587 0.051329376223535304 0.1487252972577077
1 0.7977604652384277 0.6173023052043629 0.04275298439090332 0.10959397691148227
1 0.4704067915546302 0.5871581623432449 0.05222224282842376 0.27367681096624036
1 0.5254043156012473 0.6410409408431795 0.0632490228654909 0.1990647012979786
1 0.4189087789407585 0.631838008662954 0.09864586424263581 0.4111455382384351
1 0.35193209926651137 0.7242491832652916 0.05908731252120454 0.14618995093726614
1 0.04949906922944448 0.8086797669556759 0.06090278366526397 0.07962025685353416
1 0.4853398547088069 0.9494157308859084 0.10287202885594056 0.06981827561203949
2 0.19315228847458737 0.08847675541141709 0.33317957694917477 0.17695351082283417
1 0.37613840326537734 0.1323846962502029 0.09290180653075471 0.2647693925004058
1 0.44591518992586626 0.14389072727512384 0.1043303798517325 0.2877814545502477
1 0.5152480324841375 0.2035894271346468 0.09786212504240907 0.2917495800854578
2 0.7479166887447398 0.2686356782197129 0.077966287293461 0.2328344112545173