1 0.027718656707498124 0.4021693165148377 0.049292022676635905 0.10017196636300874
1 0.06702660471036162 0.4321131065925329 0.048928396005727 0.05850529969634195
1 0.0915544373806342 0.4686574231073706 0.03023294000636334 0.06388228045904837
1 0.17004306405154307 0.5139616699294276 0.05663180800445433 0.046369057711881115
1 0.15149305872054297 0.5360053173588006 0.026780676002545346 0.02623677725283263
1 0.1294271547183158 0.5131117949152914 0.020567038669636252 0.030112437507068178
1 0.17663850938890652 0.5538360096751922 0.04394999466899989 0.02495371155368531
1 0.28330668006045173 0.6066997853531897 0.033048857336090795 0.028611116998597197
1 0.285187353397497 0.643230870289631 0.03475680800445433 0.04535053526837179
1 0.31095042206395157 0.6423479384075764 0.014153406667727176 0.011071431094636826
1 0.358888482733906 0.6768585289690312 0.03497498400699968 0.07035053526837179
1 0.3861231447326333 0.6656316820234179 0.05105451734563573 0.12316138463278321
1 0.41814530406586065 0.6660814232204613 0.03363066000954511 0.09527778366526386