1 0.7135944902574721 0.36682480850175697 0.09798530681713338 0.1840865659087629
1 0.6319336128234877 0.1831890150073752 0.09192622158978558 0.19678695684427197
1 0.5232519082765353 0.4453568859172887 0.14184440097293471 0.1929698072199777
1 0.46022402840691895 0.3589165401892839 0.08277731818121907 0.10611263001550336
1 0.38338661322722956 0.55445888048479 0.104208033278183 0.18245628567436079
1 0.3073132625786064 0.43154764218465996 0.051090941558013546 0.0755186437336393
1 0.388290527189103 0.41030586087764365 0.047720479707460496 0.05880610857408761
1 0.40766563879477474 0.6634590522385566 0.06493525324641088 0.061241657117673765
1 0.7386504062446452 0.898522101286584 0.04133411201270896 0.04936627810738252
1 0.6726708502382908 0.8767916126999009 0.07576365909060953 0.05423737519455484
1 0.6550782012939509 0.7970969979333038 0.023982970779006862 0.03770563731287406
1 0.6596799265371847 0.8440107570281447 0.022338650162155815 0.032116897408375124