1 0.6277467083365016 0.4791550959688046 0.1363829275949012 0.11977687201158087
1 0.6648149162802197 0.5893461612257686 0.13800906010845856 0.13626343365091306
1 0.7715830667477579 0.4518280448685436 0.15060905405833439 0.16252212394866994
1 0.7766063891528567 0.5666602903984862 0.09096134328594588 0.09002339198268136
1 0.8037193767580207 0.22186207029786023 0.1071408551898024 0.233762247812624
1 0.3543915424490653 0.2657391519345327 0.058094301131468115 0.07479151304966095
1 0.4089290515242515 0.3025592598161184 0.05342498184962743 0.07932243846030261
1 0.4428364189124984 0.22039865405404221 0.08475679508134384 0.10154193415774658
1 0.3710341417851354 0.20413260213938397 0.025145445745273866 0.03843287355326037
1 0.42050287665982483 0.13785755369290506 0.06735112646343318 0.044602901664997446
1 0.4737051447120016 0.11604685232180431 0.01894998789975162 0.05229883356870111
1 0.5047142501963917 0.17716068995769368 0.03615566861791084 0.057594673573187274
1 0.5694847564429077 0.3955232231714651 0.08783634328594588 0.08991411846927494