1 0.9437472402077433 0.6409366312714576 0.04490154158393274 0.05080008700597212
1 0.5069957469910097 0.6366920744694441 0.2159926121276283 0.04622430262104178
1 0.42834609569654436 0.8036444915475343 0.05044635732055469 0.046221689779513755
1 0.21983483098518097 0.509425632124479 0.06739484597600356 0.038736498100139016
1 0.18535230438322137 0.5444188811745485 0.05245164995555359 0.04782055737069442
1 0.20354056672397053 0.33567966080982625 0.1290878554925937 0.07892639342673621
1 0.19580561399069316 0.24060355015249985 0.1539790043266422 0.07627417211208343
1 0.027483672895902204 0.42189253058520837 0.05496734579180441 0.04349673328249999
1 0.28797224697503804 0.4176005016155207 0.05182356706438742 0.035320557370694415
1 0.46093453836678583 0.6914165952710066 0.04958274334520106 0.02903418977951393
1 0.08451195860043556 0.7890605403688541 0.03471805768614694 0.039680749050069505
1 0.21348860538974845 0.7889676617597567 0.03424699551777227 0.030305749050069507
1 0.6365857667102496 0.6818571444735759 0.032634254689752354 0.03651938145888885