1 0.7153268539857154 0.635337393442044 0.093460494985435 0.06895126817600443
1 0.7009975810244617 0.5689823525583716 0.04382420783841638 0.08598223468450716
1 0.7993130605704906 0.5315299965789765 0.03983538981258548 0.04127202220396459
1 0.6146365321989606 0.6341666285686482 0.10913095909205772 0.07184505358341159
1 0.5776342888628783 0.4888462508411051 0.11712531551854859 0.08150790872843
1 0.5616061235817565 0.4295881002352627 0.046721887305303154 0.07435441899603552
1 0.632087422802969 0.1362408626255078 0.06345474623907635 0.05148124491601467
1 0.619806383148668 0.08506208256922196 0.04305131802583091 0.04607613139812212
1 0.6074116832278103 0.03975184711387508 0.03188649749271768 0.03395658489932189
1 0.6153712842440247 0.19312525836155375 0.06280152837152997 0.09837496496682323
1 0.6059304365930226 0.3177842693066242 0.10447220282385157 0.15378613096974456
1 0.5039731314993154 0.3014099252274902 0.06137542069139794 0.10536258173124678
1 0.6052197312618885 0.4351005245687003 0.05908549498543501 0.06774925952853432
1 0.5242425159016246 0.42385712887501237 0.031096887305303154 0.07380805142900367
1 0.6426071048436451 0.8830192566778813 0.047920674452321774 0.05562971302973403
1 0.7676465572717852 0.9572321770375055 0.03018760517284953 0.026859694621491802
1 0.7125415201247668 0.940392439177464 0.05697742570596276 0.039525608687323924
1 0.6446409662847008 0.939248011333489 0.06345474623907635 0.051481244916014704
1 0.5691097688711254 0.9289870959115277 0.09479567445232177 0.05726881573082957
1 0.5482038869760987 0.8394037420292638 0.05913095909205772 0.0700966773689099
1 0.5936156753767585 0.8730032253121536 0.05086381802583091 0.04634931518163784
1 0.43338286902941003 0.8422458347267598 0.16372753087881228 0.06906250438727214
1 0.4407240075883544 0.7856892595309333 0.17208560015828453 0.09750470225529484
1 0.4290985343105317 0.9022142631697437 0.16372753087881248 0.06906250438727214
1 0.31680312279033374 0.895584729370683 0.05086381802583091 0.04634931518163784
1 0.27981759982908017 0.8300219214592067 0.07434678213245363 0.04951628437256146
1 0.2900564178549111 0.7850931619518515 0.098147994985435 0.06911517844611366
1 0.4599430205204781 0.7205069462185179 0.07172188730530316 0.0752286071032865
1 0.34642608979995027 0.6963264153733434 0.1728584899708702 0.1374108055416798
1 0.32307716950426374 0.571641067398852 0.15621655925034225 0.16497881530245193
1 0.3197452325155298 0.46150365754966055 0.10356292069139794 0.10683777416223282
1 0.3094502416867298 0.3480909863450701 0.17956313103709692 0.16110353097224853
1 0.2437283017950019 0.4360118445436095 0.057568459092057725 0.07004204061220669
1 0.37122046747183496 0.2626541378786641 0.17847199247815268 0.10476550280323445
1 0.39291962272382674 0.1903476159100673 0.11767088479802065 0.10967692281293703
1 0.2834764265638927 0.19769331563985357 0.10806856426490725 0.09761201307083997
1 0.29423808181588446 0.12576925096817906 0.04525031551854841 0.07899461792008354
1 0.24690008056224327 0.11100374716499707 0.051045674452321686 0.05573898654314039
1 0.19015833557680817 0.17867105155847654 0.03730142319868044 0.07167918061544086
1 0.030426668250622506 0.5654535343980699 0.052744566772189715 0.06283587682097029
1 0.7358559658224824 0.46220117785070325 0.041335705331134065 0.11873681093635896
1 0.5953158823572451 0.5433549290094932 0.08385817445232177 0.05688635843390723
1 0.6699929365930226 0.31554416228179366 0.030460389812585476 0.040944201663745454