1 0.13428409640920383 0.024776352698966848 0.06893180718159235 0.04619816746090029
1 0.10811650614832007 0.12006465251374186 0.08640110831306051 0.11630626788468391
1 0.14769209055547133 0.18717438080982668 0.03935339149054777 0.07272725526289894
1 0.24186933743221334 0.08289096461195523 0.05523292154477701 0.13605239160229274
1 0.27910571701890446 0.1488352557904643 0.08975336729005097 0.1726649888462564
1 0.3050182563447118 0.3103168163962626 0.09294199980360833 0.1884831692672883
1 0.36540631050124206 0.2538933660777035 0.0865647347764936 0.15684680842522444
1 0.4234910003927834 0.3810022669900699 0.14139768052176754 0.19380010092841807
1 0.5317574974659173 0.46390475734164954 0.09113406010845856 0.12764615112884442
1 0.563461494539051 0.5455230886392087 0.07060339149054773 0.07325140181556039
1 0.5897149223303441 0.6225451897855474 0.07872496369925486 0.14995901503030215
1 0.6743621122218854 0.7500996152676762 0.09114315046753826 0.12989840338109654
1 0.7207962298065239 0.8601200693309026 0.08654655405833438 0.15234230392071996
1 0.59296875 0.9414414414414415 0.0703125 0.10810810810810811
1 0.8313292088274811 0.962206014818076 0.037709078258831144 0.05243077766499559
1 0.4637529069104459 0.27806695024110967 0.051862481849627426 0.07518916613621575