1 0.7003575065411034 0.599680237499932 0.26299996974937906 0.15549276502289014
1 0.5081700065411034 0.6016679960186753 0.12860678903121964 0.1485473945680509
1 0.2597779583365016 0.590348648629625 0.06915906615858276 0.12571106808800575
1 0.20623532269968634 0.47979507954206374 0.05349770472226432 0.1144383505932568
1 0.13724442818407645 0.5541172587411805 0.07715337334017516 0.1813474268353799
1 0.03941546136156372 0.6079050764166936 0.07846134328594585 0.10358580969596605
1 0.880008645104785 0.6089328751992102 0.10830337939029917 0.15111508404709972
1 0.33470523546386466 0.6117951602103864 0.050354524004105096 0.10885047376097375
1 0.4178313528521115 0.5151053130437736 0.0657977168225127 0.05345652458905587
1 0.37624784085005897 0.56970023662708 0.04235112646343318 0.050436337235821645
1 0.976152392079723 0.592661218162061 0.041279505853732704 0.2004201765974579