1 0.837573385518591 0.7187191107574504 0.04500978473581213 0.10354317067154532
1 0.7651663405088063 0.823515151416269 0.07045009784735812 0.07096702800763595
1 0.8091976516634051 0.7762679814210415 0.04500978473581213 0.022293170671545327
1 0.7025440313111546 0.7463708487428147 0.07045009784735812 0.08346702800763595
1 0.6360078277886497 0.6832526834022696 0.046966731898238745 0.0660613520050907
1 0.5772994129158513 0.5975509933959062 0.05675146771037182 0.09271475867281787
1 0.5264187866927593 0.5205157787237247 0.06457925636007827 0.07091248400699968
1 0.48532289628180036 0.46075897071927036 0.05870841487279843 0.0677329400063634
1 0.410958904109589 0.4194430800445434 0.046966731898238745 0.04418635200509069
1 0.31409001956947163 0.3130743540340439 0.043052837573385516 0.05821248933799979
1 0.2837573385518591 0.2573237933640895 0.03718199608610567 0.04097044533736351
1 0.24168297455968688 0.2389641446928624 0.050880626223091974 0.0598477146721816