1 0.5149741306413855 0.07087650995847494 0.052818774610606314 0.14175301991694989
1 0.41166962272382673 0.19965527399599503 0.03082410266556703 0.05866948309908447
1 0.6425224691211875 0.05748377130347289 0.040517351411925875 0.07510618164783617
1 0.7499485242148948 0.07640566322647309 0.1015457796251713 0.08030920819603073
1 0.7128145855768082 0.17834702110204897 0.07065949247815269 0.09872893577495798
1 0.671013530483101 0.15885422064619806 0.029034282132453626 0.04697364704812431
1 0.7744734996042886 0.22102759775523073 0.043142246239076344 0.049432433189008855
1 0.8149142946688659 0.10971325936651952 0.03560253087881229 0.06338315947626406
1 0.7560477600291298 0.12424169071677846 0.020994461599340042 0.03522343875594024
1 0.9212144557933526 0.3470659090941414 0.04511392319868044 0.0704740636324924
1 0.9518590505413608 0.4180489336008597 0.06855142319868043 0.07067795953708193
1 0.7720471815784575 0.2654337141800227 0.020903533386094963 0.03055054155967855
1 0.6687690688837608 0.19391454267846667 0.02706260517284953 0.02593201660464071