1 0.46319633346523714 0.1000445966934847 0.04179034639736088 0.1422266804609666
1 0.38421117860895676 0.2523031471647072 0.027653638558944316 0.05746180626485915
1 0.5873779795460289 0.0645157685611011 0.03725595909205772 0.0696335927530612
1 0.6950313551728495 0.06196794868944361 0.09943771034569907 0.056542075883131086
1 0.6751567758642475 0.1636294188462556 0.0641821719450391 0.08971222144782687
1 0.6312703835443794 0.15433553672997305 0.02586381802583091 0.04569797269128031
1 0.7420403989837856 0.19162972890092683 0.04144335391920819 0.044177429922395914
1 0.7631364974927175 0.07252648484105816 0.03082410266556703 0.05996143602883927
1 0.7082815129321237 0.10117207522199964 0.017778533386094787 0.03127132818787203
1 0.9061543747688908 0.28305907475873465 0.040335494985435004 0.06746032532077968
1 0.9479614415410804 0.3459280934661773 0.06519910266556721 0.061756428853181486
1 0.7468104670096165 0.23622622872272442 0.01768760517284953 0.02659843099161035
1 0.6342960951437197 0.18950465157632262 0.025454641066226812 0.024669935308102735