1 0.9173547492441404 0.8580612807036089 0.07614542401336308 0.13526838059296772
1 0.8496774479233217 0.7357492793695255 0.056813621339908596 0.06716858502278479
1 0.8303285586012302 0.6245732843455217 0.06804202267663584 0.10126758672845762
1 0.7571097819462297 0.510871965298874 0.09958292401336308 0.13600493940168787
1 0.6886950419319122 0.6553884971750109 0.05681362133990877 0.06716858502278479
1 0.665821163271821 0.5907242121018745 0.06784202800763595 0.0780608356736053
1 0.6276495486155478 0.4885762826902478 0.044404528007635946 0.07732427686488515
1 0.557691584619684 0.4496467186100791 0.05692270934118149 0.07982681287088605
1 0.5153409999602291 0.3792671186201588 0.04100680800445424 0.045580499403469255
1 0.5635437846515007 0.13309281456638475 0.02676249466899989 0.02404151770473514
1 0.671373918642592 0.2182876870226903 0.029942038669636163 0.03046883946994845
1 0.7620496312460495 0.8439597790293004 0.03797271467218159 0.056030814769057816