1 0.04211066596406711 0.5688331424910141 0.05521826805616734 0.15862914822213897
1 0.10717267077339054 0.5799232485814391 0.03710318511654278 0.11827232729676236
1 0.20858883783376597 0.5427009639635947 0.07078870435383652 0.1566914736899374
1 0.10012651868913953 0.3439667812928752 0.06947917549789598 0.10035344552092333
1 0.4176587590704927 0.33352571489121385 0.07037204210278443 0.2059462740070074
1 0.479667685749515 0.3140379275605301 0.0641220421027846 0.2057823766837378
1 0.5356175853866952 0.3026022053478912 0.055709341377145095 0.17975590878551925
1 0.6009623323914705 0.35944647216023135 0.048968268056167476 0.15846525089886923
1 0.6089137308475243 0.4663973940551815 0.03535714664195524 0.04315495640474357
1 0.14295640335019538 0.6078404761891502 0.03951885698624169 0.0878378440335144
1 0.5433705764010206 0.4681975989214136 0.016661710344286186 0.04501068227531032
1 0.5725769267638403 0.4818664221636015 0.02200397477225664 0.0733026193522695
1 0.6463641124285372 0.2972954203946129 0.015481156260602091 0.06140163282712196
1 0.6784052861123346 0.33215246569640716 0.03695934137714509 0.17926421681571028
1 0.7054588594333124 0.35397578988368344 0.026656758437520446 0.13911226754442088
1 0.7526017326616229 0.5346800487698947 0.022113102176918177 0.07799745503302082