1 0.8079960053574776 0.29802449641681544 0.032286710344286006 0.05471782052731934
1 0.7765277505481543 0.31107565027746814 0.03261409255827132 0.071384487193986
1 0.774186489748381 0.1919222122454549 0.030451391832631992 0.040731929500953376
1 0.8487574146133048 0.288557996397967 0.01515377404661713 0.05642857479284926
1 0.6283258635248457 0.34802013004682963 0.027872028855940555 0.068315703003777
1 0.5967311231434925 0.3277864516428875 0.024856156260602093 0.0736772542843784
1 0.557641341292327 0.3316003939687033 0.030997028855940557 0.06850970727873115
1 0.5266269542690185 0.3612697134272841 0.030997028855940557 0.06850970727873115
1 0.5886110882971021 0.2644795755788611 0.02436508293962447 0.0486772542843784
1 0.5539905516366133 0.27911362260335676 0.03653770072563951 0.03278660471752835
1 0.3590674320364999 0.35086410987273653 0.0637549651536097 0.06776897438797194
1 0.2700222902038679 0.3952336195290803 0.030724210344286275 0.054620818389842264
1 0.37499502159954645 0.2153173694819592 0.04426092068857255 0.10817461326743667
1 0.6296973574495779 0.7946118383754509 0.031760920688572544 0.1073985961676202
1 0.5969394211519087 0.7938711054846916 0.030198420688572546 0.10730159403014265
1 0.5610019211519087 0.7961021546466646 0.03466766587924912 0.09648148933146293
1 0.5290252348542396 0.7953129206871669 0.028199411069925694 0.08498236967044351
1 0.3744195804077358 0.8007494656307308 0.0308333377489479 0.06017637394539798
1 0.3385912078123975 0.797424959237148 0.028779764427970277 0.03507937180792074
1 0.30572414411006665 0.8022397819019444 0.02436508293962447 0.04867725428437855