1 0.7749999337657805 0.8176148140967885 0.07216766587924894 0.09953780413999563
1 0.6723957781381504 0.6794215203067822 0.061502984390903494 0.11263439263179893
1 0.6367484548171726 0.7069682001545577 0.046349210344286365 0.056060165137133015
1 0.6400297114405946 0.6193550143835456 0.02932540145127884 0.06314845498933168
1 0.6072990569940908 0.6175652489081361 0.03535714664195542 0.052490086962269644
1 0.6496577157017638 0.2483519023936938 0.050238102176918174 0.09517542556804644
1 0.3879538346689051 0.42541748082955483 0.044151793283910834 0.10305601581733079
1 0.5435986886599219 0.2463263126003047 0.06876984736759476 0.08542254370908238
1 0.5505728526402545 0.804746898455886 0.025927582939624473 0.04903319455841818
1 0.4866467618960815 0.802443070622944 0.10750496515360979 0.07158552131772226
1 0.6839855533658938 0.7645705523642891 0.022857146641955418 0.05158460079417182
1 0.656795570789089 0.7984391549159418 0.04042659255827132 0.07227408871975077
1 0.6066864433844273 0.8076166551438895 0.05437996515360979 0.06773720510330526
1 0.7197767204262693 0.8091329089677234 0.0625744110699257 0.08774757840281117
1 0.6445485750502582 0.4290206437202616 0.12158731252120454 0.15304656304137548
1 0.543005922417853 0.3559353490515147 0.14406251324684405 0.1851867193911027