1 0.6734600528170442 0.2250345617120863 0.08188615861955924 0.18673067885919253
1 0.6942072335177937 0.349493392244434 0.1398651104026349 0.06826452174882984
1 0.5943862827717555 0.20789082406937598 0.08431193552596129 0.2008568458553869
1 0.5638622636031559 0.33781574600848624 0.11513638813858267 0.17524935079830276
1 0.4779998687652535 0.3443323428524563 0.06659962863069514 0.07072367688202608
1 0.3592950774560344 0.33699202813743945 0.16050013014193493 0.0548386917107738
1 0.19764225434714172 0.24261196984821315 0.09387928013140082 0.1621126808363588
1 0.457835258238786 0.42390709631249734 0.10125101908549208 0.02961851581733086
1 0.44819472677830174 0.4601629312934694 0.12607891094219226 0.016320019771663398
1 0.5446490821922726 0.4580154994685274 0.05688591031516607 0.10321784190105418
1 0.3548614233936602 0.505996696122217 0.08061599934619207 0.0430443458553869
1 0.3281359786507512 0.3950101165784525 0.039236179585025094 0.06520850593149899
1 0.26904623267319977 0.42494962596999264 0.07171794712607678 0.02091467787060921
1 0.5096996389723362 0.5333484219019292 0.06399088458668048 0.0487850098858317