1 0.3141719995962582 0.5553082758324167 0.06866027110331832 0.1523881086569412
1 0.15186291436891058 0.5339457637528118 0.07565456493480816 0.06820015682844348
1 0.22501404220993199 0.5642082300480784 0.0694045649348082 0.06813478795416313
1 0.042832787745705134 0.5777537997869091 0.04127956493480815 0.06784062801990123
1 0.46479929099211603 0.49227038724211253 0.08810001785690744 0.06271291704891428
1 0.6369100702131092 0.5502559776750074 0.0569045649348082 0.06800405020560212
1 0.7188828189952933 0.47666757079346156 0.06531708279171564 0.12988351410744148
1 0.7759316599046837 0.5559239182738137 0.04799321509696384 0.11565880588294564
1 0.8899668863657333 0.5599258889934758 0.12389324188232535 0.2091398615877936
1 0.960357252842669 0.4721699716524296 0.06846935633066593 0.1327251873086266
1 0.8761868043847965 0.4502200761193071 0.033467064934808374 0.06775891692705065
1 0.820490183443634 0.5535806827390165 0.044240923701106286 0.05101937987277175