1 0.443788418579827 0.4229103418205301 0.021494566772189572 0.07264241304193919
1 0.42852713143280835 0.44545578775022693 0.018096782132453627 0.055911101633777584
1 0.41692204169936514 0.45264264997527726 0.017960389812585475 0.04757776830044425
1 0.39911241607254444 0.46273657946109525 0.01929556927947207 0.03372120178230283
1 0.44604960055399595 0.37006791930125743 0.014562605172849529 0.03084645689228264
1 0.45643317108710946 0.3837467127802878 0.01598871285298138 0.022545445929696782
1 0.4587230967930722 0.4281588348539848 0.01506271034569906 0.061402012447838196
1 0.47979411473976097 0.42633359396000525 0.01648881802583091 0.05310100148525233
1 0.4985668467930723 0.42733461439992465 0.014517141066226813 0.028068679114504867
1 0.5172713826864497 0.4241689681731774 0.020858069279472247 0.03375352415305031
1 0.5552487558059878 0.45255989794190504 0.024073997492717502 0.0393737244501008