1 0.19589778639894112 0.24051788123595638 0.12053171037960508 0.4365381223680725
1 0.33338869603986143 0.24387781239898765 0.11870558996629618 0.37208074941293695
1 0.5288643016224475 0.39661145160182076 0.14555898145684393 0.4434116452057953
1 0.5980829759958949 0.09161828626132422 0.16320904800821018 0.17467789844519854
1 0.433161437062871 0.3002607926387679 0.08695562021691713 0.24959995697689452
1 0.4220597897185908 0.5312878684303874 0.07431926483072289 0.21616319555803304
1 0.4741393984244347 0.7872829933494374 0.07722609621281222 0.16285571924608172
1 0.6031638230924697 0.7594607065925572 0.17743517447164336 0.21479425504141747
1 0.7538541695016736 0.782930530096462 0.11601588544042371 0.09651226534669048
1 0.6407421329063407 0.3586469512273392 0.07416472872636941 0.17838541778025527
1 0.1378701003180287 0.8656144746619809 0.06427157825883123 0.051641180049442584