1 0.05863684009861159 0.490625 0.11727368019722317 0.03958333333333333
1 0.17268788311932248 0.475 0.05772277110331836 0.1125
1 0.2346424123403157 0.5166666666666667 0.0678420649348082 0.05
1 0.34896578531007316 0.3177083333333333 0.052045515421275466 0.15625
1 0.4137862159110381 0.37916666666666665 0.08522047970746058 0.06458333333333334
1 0.38631005235620175 0.44895833333333335 0.10539661201270886 0.05416666666666667
1 0.047479377437279625 0.43125 0.0791341209411626 0.07708333333333334
1 0.11484415544045685 0.41770833333333335 0.04914661201270887 0.05416666666666667
1 0.5641719995962582 0.409375 0.05356137662320535 0.03333333333333333
1 0.5946447037361735 0.46875 0.08182274431795715 0.04375
1 0.6565407317393508 0.4552083333333333 0.04516822402541756 0.10833333333333334
1 0.7404890377457052 0.428125 0.04747501785690744 0.04583333333333333
1 0.7398890198887977 0.4739583333333333 0.09569432954530477 0.029166666666666667
1 0.8264810848236058 0.4239583333333333 0.08357615909060953 0.058333333333333334
1 0.8917203011383859 0.39375 0.035029564934808376 0.05
1 0.8861464111224997 0.46145833333333336 0.0550420560063543 0.027083333333333334
1 0.9337987069825843 0.40208333333333335 0.04733865016215546 0.035416666666666666
1 0.2194089245151803 0.4270833333333333 0.05709547970746058 0.06458333333333334
1 0.28970778774570516 0.428125 0.04733865016215581 0.035416666666666666