1 0.8025225734877498 0.7539607474681114 0.08809417974921802 0.12841766587924913
1 0.9107378238597541 0.7070286945655535 0.12864591458223099 0.06684524881887377
1 0.9339851747681915 0.647889307542245 0.09128906118688752 0.06446429328391083
1 0.34821964462423 0.8866567186969888 0.12942748465364384 0.09497024881887342
1 0.46598176842049926 0.9145609746874385 0.10281504038217948 0.03192461179556503
1 0.560422290485533 0.9093625539988661 0.06790232861636747 0.02803571996293286
1 0.49417970859189486 0.720074364705972 0.06457718550012927 0.08730159255827133
1 0.563673182778973 0.7576363628918734 0.09804442850543692 0.12863592068857238
1 0.5750500148513248 0.8535391399337154 0.06422982102394575 0.07480159255827132
1 0.5677553608514726 0.5910391399337154 0.096177344445951 0.06144842068857255
1 0.3920656923102061 0.6730654446503717 0.10572421787021563 0.13661211179556504
1 0.31335382373067494 0.706842733124959 0.09626418556499676 0.06457342068857255
1 0.053828660586171626 0.6382713263162026 0.0716673269986145 0.25298115626060225
1 0.10599886540430244 0.8137971159719163 0.12140033081268162 0.07449405771188111
1 0.11035415713018733 0.5674578293114274 0.0970457556364095 0.09269842068857255
1 0.054080709437139704 0.24427578965571373 0.09860889577923494 0.14894842068857256
1 0.1864796775827144 0.3062549452833438 0.1780063733276193 0.05387402286549072
1 0.3838220811489735 0.33163191279920623 0.15648672481658546 0.0846329495445131
1 0.9751243781094527 0.54453125 0.03482587064676617 0.0453125
1 0.48391639593550173 0.6194568058129646 0.10494264779880291 0.10848711179556503
1 0.10774892355881158 0.47370782931142746 0.07579922077876089 0.0438244110699257
1 0.13027289460965258 0.7468179470974423 0.061134371001570084 0.052872028855940556
1 0.22562807326005765 0.9088888719623661 0.11363370032885693 0.06339286660488845
1 0.6721671964751424 0.8998759373939775 0.10792042643885762 0.03672123920022692
1 0.7342882955268365 0.7617112492822098 0.05620266718298369 0.05432540145127884