1 0.3762325087089816 0.5070000006771483 0.05448892319868044 0.06524541038225824
1 0.4553433471887837 0.5127248984609699 0.02167642319868044 0.06371123431672131
1 0.48199677540202907 0.5156670468263261 0.0412614974927175 0.031188159010011405
1 0.583627471561963 0.514056481937281 0.059920569279472244 0.02788073062905111
1 0.7133377036152744 0.5090388587828563 0.04911946159934022 0.03364548923482049
1 0.7529995971887837 0.49880772986645544 0.022284176959604097 0.019851235926536558
1 0.7207530500126353 0.6343427033257951 0.047329641066226814 0.023112182185674332
1 0.7791027591046931 0.692345615278831 0.0569319615993404 0.034010769250424545
1 0.4951967720368168 0.7632097166015172 0.0675966769596041 0.021969860017040224
1 0.7851134152146146 0.5370955637789347 0.03353992570596276 0.03500697941281727
1 0.7599542908414353 0.53094228409665 0.014835389812585476 0.03622235758457278