1 0.40673153536047285 0.23354789460990344 0.09331766046291676 0.1068244149989478
1 0.41107012489755607 0.3363202103129675 0.06860875889134022 0.11692913886053856
1 0.4593984629868973 0.3384886420427105 0.04124573821317572 0.08518629932838138
1 0.37086034780925087 0.4117247892258118 0.04564213978475227 0.07423873881324669
1 0.3420760682397463 0.5576089233029398 0.0260573858558109 0.10125105536304554
1 0.3880221149727586 0.6210911088744037 0.03539384449948209 0.04042355343683083
1 0.49018608250776996 0.5639845513147006 0.02249573821317572 0.08440829626357163
1 0.301258477254921 0.35757165344636294 0.02497007485477489 0.17911581715493652
1 0.2836449840793465 0.5836846463089441 0.04847604135632881 0.06322634470937799
1 0.23535303329355822 0.580123456919034 0.048548815963434674 0.06601186002971225
1 0.1820460967757936 0.5892915872368304 0.05926799214211718 0.05810914918984852
1 0.1038119348651348 0.5967115396540388 0.059631865177646445 0.07203672579151983
1 0.14009403722249963 0.6119010422407921 0.02587329528527027 0.03446352126375743
1 0.04009403722249966 0.6160503919197771 0.063518844499482 0.04159055803404531
1 0.007575924628496477 0.5829495405170535 0.015151849256992953 0.1153731327309192