1 0.6451519283974897 0.5867694626034574 0.03186194833851069 0.014335220003181704
1 0.6028403965100326 0.599642179941139 0.03812499635521215 0.014389764003817973
1 0.5594050754317353 0.5836086472788207 0.028111800525712244 0.0252363573360908
1 0.6002252080758519 0.6129507019414572 0.025477409598475276 0.011155676002545434
1 0.5604984919417422 0.6117336472788206 0.021484280339008687 0.01580681333545435
1 0.5414359937641362 0.6048660292807296 0.021362789615674494 0.01268181333545435
1 0.5208021484884661 0.6112978426161841 0.027625837632376075 0.01273635733609062
1 0.49348003766442533 0.6068466999522749 0.023571963011242505 0.015824994668999892
1 0.4697450410612381 0.6140870352880474 0.03007799247461211 0.022129538669636163
1 0.4182930887831742 0.606719977959911 0.03640178585298067 0.02374658267027261
1 0.3826809926318652 0.6039040606301835 0.04015193366577888 0.012845445337363514
1 0.17649754116183047 0.5916324219844098 0.029835011027943968 0.01587953866963616
1 0.14076395428718733 0.5856915046546824 0.04033416975078011 0.017532945337363513