1 0.37721834718878366 0.5306247444021682 0.05283549498543509 0.05897905519615388
1 0.4569967754020291 0.5341881140248488 0.01850595909205772 0.06080333917975004
1 0.4836047395086517 0.5360732539688107 0.039653533386094966 0.02750093252149361
1 0.5850763112954064 0.5310980260656473 0.05982964106622681 0.02138300739082922
1 0.7145819548689156 0.5217196162867576 0.047466033386094966 0.027561788481859088
1 0.7534171343358022 0.5109550854389042 0.02223871285298138 0.016906798362663955
1 0.7266848012662764 0.64716960168662 0.04723871285298138 0.017101537435833983
1 0.787287332145089 0.7031924520363766 0.055278533386094966 0.027622644442224568
1 0.506157004090128 0.7828012955421987 0.06750574874635866 0.015167712723579634
1 0.7870479882550104 0.5483563941710589 0.03193196159934022 0.03162417697953794
1 0.7619115959351423 0.5422749826166139 0.013272889812585476 0.03566222309307031