1 0.4076149570469937 0.4588321697038895 0.022511497492717504 0.03979403782493828
1 0.5254389545397112 0.42479229297240817 0.024210389812585477 0.04819202465370375
1 0.5538450993668618 0.4565439381934577 0.03707410266556703 0.07093147483938272
1 0.5983081532069278 0.46255322947993915 0.03206835391920819 0.05129306990864203
1 0.6330324941940122 0.4903968220160503 0.035511602665567035 0.07086682134395074
1 0.7147682275009648 0.5118466860817912 0.10920516693047429 0.1849519932449384
1 0.2906200221698308 0.6332791312040128 0.02393760517284953 0.03152535798703708
1 0.33678196832976476 0.6310197426525932 0.030642246239076344 0.059561749746543394
1 0.365369969583406 0.6516602767625315 0.02568196159934022 0.042701122593580325
1 0.3641855543022844 0.5807299631860499 0.02076714106622681 0.028618273218395038
1 0.3690632709161895 0.6170673615311734 0.03036946159934022 0.042895083079876564
1 0.32387880304864314 0.5596045278603708 0.05564224623907634 0.060596205673456895
1 0.6909312253893938 0.2009283741940751 0.04754024122451135 0.13798606247864204
1 0.6902014511744989 0.10222028283981584 0.04943771034569906 0.06311536946950626
1 0.6465387162181937 0.3339049520396306 0.0724038489046432 0.13068718507222235