1 0.016927995939514936 0.5052910052910053 0.024582988635914276 0.1111111111111111
1 0.07500927718910302 0.6071428571428571 0.04769320616851021 0.07936507936507936
1 0.029928602270180914 0.6296296296296297 0.04675799756436803 0.1402116402116402
1 0.13761837134490437 0.6177248677248677 0.08779210064862313 0.17989417989417988
1 0.161063779624735 0.4669312169312169 0.030505706168510206 0.07936507936507936
1 0.21405814041962787 0.6058201058201058 0.07849892126547413 0.18783068783068782
1 0.30846665949435137 0.593915343915344 0.13159664772652385 0.18518518518518517
1 0.21817685024158603 0.4748677248677249 0.06329093262955983 0.07671957671957672
1 0.29328021590774284 0.3333333333333333 0.05098184740221221 0.09523809523809523
1 0.428588244721699 0.5753968253968254 0.11440914772652384 0.18518518518518517
1 0.4456881956152034 0.41534391534391535 0.07655459172016936 0.15079365079365079
1 0.3910279691541537 0.41798941798941797 0.06030230032431163 0.08994708994708994
1 0.5342069991859258 0.58994708994709 0.10185460064862309 0.17989417989417988
1 0.6029024521080252 0.5846560846560847 0.056051176947516976 0.13227513227513227
1 0.6502547390396561 0.6309523809523809 0.046321620941162676 0.09788359788359788
1 0.788290527189103 0.6071428571428571 0.11679776217486477 0.11375661375661375
1 0.9050513331954575 0.6415343915343915 0.1013364034085665 0.12962962962962962
1 0.9484375 0.5952380952380952 0.1 0.14814814814814814
1 0.694154743503883 0.6455026455026455 0.04270569724005639 0.05026455026455026
1 0.5029900012145208 0.7447089947089947 0.03028751785690744 0.0582010582010582
1 0.053835480921981246 0.8267195767195767 0.0722022824674041 0.031746031746031744
1 0.13086558522405234 0.7962962962962963 0.02217500892845372 0.0291005291005291
1 0.208263882301953 0.8015873015873016 0.03489319724005648 0.05026455026455026
1 0.6716854541366201 0.7394179894179894 0.042678423701106104 0.047619047619047616
1 0.5196553498345489 0.7698412698412699 0.022338650162155815 0.04497354497354497