1 0.1985307775961401 0.3034896038283515 0.043933006492821745 0.16280627967944913
1 0.24202740746575646 0.4258918431037603 0.05410684740221221 0.09240775809989758
1 0.46079895251506225 0.289430136424161 0.14913870373287813 0.21373933359407185
1 0.3276530361175568 0.6163813531382544 0.04705800649282175 0.162894436573026
1 0.42158031412073405 0.6354402013597015 0.09239778003177221 0.16669796405514287
1 0.6117456180984935 0.525940821192294 0.16550008928453738 0.2823619362437742
1 0.761461425729701 0.21460394332099433 0.366672851459402 0.39658983601855174
1 0.7477961663942102 0.4679289984175946 0.14585006249917604 0.19849966154897986
1 0.775182601052365 0.6895938495258054 0.06978639448011296 0.09789904761828667
1 0.8795194991859259 0.5877711648860445 0.07981595941492117 0.15876957890507795
1 0.9150148940730759 0.40322298700290615 0.06849662986961605 0.12310749442402359
1 0.9496238989443399 0.1366041020490608 0.06487279788867965 0.22146010756850681
1 0.6734894618472578 0.8192604296135267 0.08861821509696402 0.10600374655550557
1 0.8387326323019529 0.7885792096195647 0.05531479139585756 0.059623553718403104
1 0.5886138555165917 0.6982153640234772 0.09950116801906325 0.10126179063251953
1 0.6927110202892441 0.7188233484116752 0.09782957386326174 0.09111670208472107
1 0.49919284537032205 0.7348222674745566 0.06954093262955982 0.07517177489101395