1 0.8892123276037791 0.5361850146619056 0.061603344866803765 0.08471090847333088
1 0.9337090855124446 0.5920519641024614 0.017025673916276674 0.052671141684755673
1 0.9034459239534577 0.6296982854767236 0.031886669961944135 0.024582188357635135
1 0.7883355771094877 0.5352963013314307 0.05009284190105419 0.06304300953153152
1 0.8194383384781941 0.6164770170056063 0.050636669961943784 0.02507971989953197
1 0.8217011754363324 0.6425638220770357 0.039762836958138335 0.027164790078872764
1 0.604122403193211 0.4878907017984174 0.07104201186299815 0.08733497115639331
1 0.490059903193211 0.49091735201162384 0.030833505931498983 0.04354310269272231
1 0.41839315022746143 0.4714261535656236 0.07391234387822046 0.07791670543158673
1 0.33957047186256056 0.3891347003149886 0.056655859695551314 0.19139196470933778
1 0.26925797186256056 0.3910004435971022 0.10283052273741297 0.16650752753082596
1 0.09698372383972692 0.4098336613514205 0.09747717787060932 0.08328921368318586
1 0.13668023520843342 0.4907863417355601 0.03115184091247101 0.05541958725329252
1 0.40842258402956977 0.5952940111710626 0.04269683596955502 0.020121821266180326
1 0.46948741802195854 0.5984276274841256 0.05057300296574958 0.022704422987417955
1 0.36057533304098666 0.5894326797703754 0.047575336958138335 0.027372094887996513
1 0.4238910751323212 0.5307049239639121 0.04508700692008212 0.05104214208548718
1 0.23744158056952874 0.5748726384327627 0.04282416996194396 0.024872415090408356
1 0.19189165863041846 0.5380495252509437 0.03663783695813834 0.02708186815522329