1 0.049403018837743666 0.8904147906685812 0.04881020472226433 0.11625012114432114
1 0.08066210919682329 0.8857230354480429 0.034565897540671964 0.06013330643320017
1 0.12586552488786787 0.9160746865108585 0.07391928903121973 0.15094275184008868
1 0.10747004889197295 0.8094974744498116 0.03938066256778665 0.09909673822456809
1 0.1551990217646099 0.7844558074069986 0.03312157220870704 0.09594844242907916
1 0.16743085617176118 0.8651757904016562 0.040888620413308895 0.08261861880327473
1 0.17967178093799208 0.9431333424570871 0.04715680113146816 0.08852934553799018
1 0.34776429254726116 0.4204287514325811 0.07865224082661779 0.16504430517841825
1 0.7710740066392994 0.6704812682364223 0.1143533914905479 0.09543982368203746
1 0.8119717174116878 0.5851002184939211 0.07998748184962742 0.09607999791182072
1 0.8692620426454571 0.5028499199125709 0.05516928903121965 0.14978515727130146
1 0.738489286497137 0.3659254575846891 0.036310204722264317 0.11547839143179615
1 0.6904522831774873 0.03222828289152756 0.06909543364502539 0.06445656578305511