1 0.1633291634515494 0.8170898921969534 0.047002265027114645 0.03525158239768562
1 0.19695927488786785 0.8064702710902625 0.0188409035907962 0.024780244609559906
1 0.2689706302740621 0.7681136376274033 0.057994307181592396 0.050111255830932316
1 0.27582007309246975 0.8164666769667794 0.08137726502711465 0.036183648971522424
1 0.340777452580965 0.784368654649981 0.06131929508134402 0.1035940474082536
1 0.3512291392510526 0.7052097761984435 0.04556703005422928 0.06918979825951041
1 0.3725410578689634 0.6463853990709412 0.031413626463433084 0.044536653637292214
1 0.4023421873574586 0.6152406266592031 0.04555793969514958 0.066762613793491
1 0.44351663320092827 0.6760111139878493 0.03462043969514959 0.06646604715636108
1 0.44870358206946026 0.7511055491158862 0.05646816861791084 0.059777627032562654
1 0.3877160850945224 0.7661073635144311 0.033367011903856714 0.14894795233857422
1 0.37626497980652396 0.9035398524816581 0.056586343285945875 0.09133102509081509
1 0.4288950761175319 0.8256642586100675 0.04072499394987581 0.02780056234983888
1 0.5252206302740621 0.7611655049860739 0.0879454275949012 0.12130457193199079
1 0.5287910578689634 0.6421487328262282 0.0879545179539809 0.1237317563980102
1 0.5018790999252453 0.5275988872831306 0.12699883723582167 0.11993655402714962
1 0.5940665999252452 0.52509925419875 0.03161361436318479 0.0979347118897194
1 0.4991358950065893 0.4257418730352094 0.1097386143631848 0.10005304501207588
1 0.43937507562655254 0.32179046526757926 0.04573065651766246 0.11287911864785992
1 0.5065943918833312 0.31147355315128467 0.09581246974937904 0.13607951204034283
1 0.5335068707078966 0.2173067179479359 0.0548783975406721 0.052453706972057354
1 0.5293011597391162 0.08879304123624815 0.07356476502711473 0.035971815659286956
1 0.5887079759958949 0.07868796243218924 0.059847698672140126 0.12782352540600067
1 0.5524295875304093 0.17068181314420142 0.0361102168225127 0.04709093809065293
1 0.5669779008603217 0.24916282499658474 0.02353749394987581 0.027334529062920547
1 0.5836023194782325 0.19046554785642383 0.02374657220870695 0.08315977178136714
1 0.5845547236582039 0.7704779019101704 0.029851126463433176 0.044494286974844886
1 0.6175172145830177 0.7295396583094602 0.06583407825883114 0.0576046425412261
1 0.5271916755517978 0.8606165180991995 0.05341589149054773 0.07911036943582389
1 0.5865894014494968 0.8529386237611599 0.04233294574527378 0.03997885134238302
1 0.9164097534178456 0.3913717217346412 0.13303066861791066 0.061853593492472075
1 0.9472461420797231 0.5009612816895821 0.07562723477649343 0.16950932795280205
1 0.9700155006873711 0.6787238400053024 0.03507495764913031 0.18782527045733194
1 0.9455467658126816 0.746128096088767 0.020476126463433175 0.04424008700016202
1 0.871555795670519 0.4787442201580737 0.047129530054229464 0.0692321649219576
1 0.8836876361277947 0.5767062577322831 0.022011355386194253 0.0370009002645511
1 0.9033370607958296 0.5446232763934415 0.033085210772388504 0.07370523389197227
1 0.7493171813073344 0.5791361984697265 0.02208407825883114 0.05641837599270644