1 0.86328125 0.3326226009774823 0.078125 0.05920538500322853
1 0.84921875 0.29865714464877285 0.0546875 0.04258793426198542
1 0.85703125 0.3877022812056582 0.0265625 0.03958063181642957
1 0.64296875 0.42521107730443586 0.03125 0.03741213111799632
1 0.22578125 0.549148153587809 0.0484375 0.09277141192854639
1 0.18515625 0.5215825510434925 0.05625 0.08610613807188974
1 0.1640625 0.5964924901202222 0.0375 0.06274352759331152
1 0.03828125 0.6042845558564272 0.0375 0.05130187999605777
1 0.5421875 0.5822496395192414 0.0390625 0.030746857261339664
1 0.5390625 0.37981236292852383 0.08125 0.10276353175347219
1 0.57734375 0.5149893672975369 0.0296875 0.0602554833721651