1 0.11441219084155772 0.412828614741389 0.07649839480148737 0.059194468464861136
1 0.2839317936705604 0.3901931613785071 0.11834096929343838 0.07714568787965286
1 0.46311064643377114 0.36148954597152805 0.18051002728337717 0.11733558320625015
1 0.6848643297500441 0.342161583774931 0.136790583729834 0.10247299620027786
1 0.8730314960629921 0.37890625 0.24606299212598426 0.2734375
1 0.2031135263122491 0.5862492373665626 0.07727729124251978 0.08575696846486114
1 0.397697602730928 0.5796933788934377 0.07389009262099742 0.10443423328249998
1 0.34127698728888967 0.668446101158021 0.08437241054951893 0.05933993882958344
1 0.4261771213142615 0.7793303561920142 0.0826788112387577 0.06867857123840278
1 0.8149606299212598 0.77265625 0.36220472440944884 0.1109375
1 0.5657543393221355 0.6413601903481948 0.12653570710542444 0.08822865824437506
1 0.6284461831346462 0.5316410046527434 0.06816949644523204 0.17772626291777788