1 0.4252416150257294 0.4336567353034956 0.024383057370694416 0.061852415200313024
1 0.4397587099154864 0.46349118911851905 0.03695579255305557 0.06698434493468962
1 0.4458827297671183 0.5563781040834643 0.03655574905006951 0.041162748690558165
1 0.4328567061157642 0.6227877817238399 0.035720600873680654 0.08805646874136656
1 0.4522795065526045 0.6668706528512265 0.04589438145888884 0.03914315139040158
1 0.5314591666968407 0.7376776080572777 0.07416485182361114 0.04951628437256146
1 0.5518619324644101 0.6938142653056345 0.03699216014423605 0.06933176277506521
1 0.7285361480794796 0.9087991330931151 0.08350348423243048 0.047496687072404876
1 0.7174083183886113 0.24093143912790912 0.06969686379145834 0.16432121152415238
1 0.7724042897032639 0.2123546120659895 0.0597399823325695 0.1264347055379239
1 0.7770567285328474 0.31105543487517057 0.0989479526972918 0.13719029581700595
1 0.8053103215227433 0.4211391893165894 0.05683318787965277 0.14040993906677107
1 0.7370512840036808 0.4504253128667197 0.09502417211208343 0.18632216019478365
1 0.549420731382639 0.18344211367240548 0.031178571238402952 0.09728222983275954
1 0.534525042837396 0.381170598482056 0.026381968464861138 0.09007606604152328
1 0.4658530037028129 0.7869987383856551 0.09149782218833344 0.059506960057798736
1 0.5389274810013893 0.8165346527366725 0.05628767401194459 0.10519867146113727
1 0.48920023793524353 0.8323919103249875 0.061664851823611144 0.049079190318935775
1 0.4009001509292712 0.7776890594613464 0.03506598423243066 0.045802947614606265
1 0.36487042553055593 0.6696795390767871 0.013045513867708358 0.03564836165925923
1 0.3670693583762157 0.7108139880400631 0.02536367591180557 0.024348366511006716
1 0.7623812051658337 0.674194922296245 0.03223192496187508 0.06447301682420453
1 0.7816390450215975 0.6068300827624944 0.019695557370694415 0.06168850493020326
1 0.7885800292540281 0.6516495687564433 0.02772626291777769 0.07604619575597298
1 0.8190299422480558 0.6010991114022441 0.03404899810013902 0.08095957846353673
1 0.8336184658994099 0.5347440705185718 0.030305749050069507 0.04094420166374559
1 0.8436117149494795 0.5749779943451757 0.024237587005972117 0.05246274383881068
1 0.8649593848773615 0.5417053502535744 0.03855466014423605 0.06938639953176842