2 0.51328125 0.31167400881057267 0.9703125 0.6233480176211453
1 0.4317163607176795 0.533240476769375 0.026907945337363515 0.042068068517150274
2 0.21439250071608865 0.5149394231488402 0.4014545066836355 0.17949199214009812
1 0.4538731713876339 0.5675608503758802 0.02687158267027261 0.03766278217353794
1 0.49552486939049734 0.5976361201776211 0.05514203333863606 0.05551459040392832
1 0.5628760013924063 0.6180109366575133 0.06914998933799979 0.049021992316480335
1 0.1932356633911337 0.6017644239916743 0.03492044000636332 0.06636121642255735
1 0.15287429272754266 0.6333695703020601 0.044859061346272135 0.13472004236719548
2 0.3367862160645879 0.6734215416738382 0.13573860001590835 0.16630029375273597
1 0.22034360339749703 0.6680615673986924 0.04881930800445433 0.04665275930427236
1 0.24964075206872413 0.7156554657500199 0.026907945337363515 0.042068068517150274
1 0.2193265434038604 0.7341280479497696 0.02676249466899989 0.024446923142700933
2 0.07089813407063311 0.7340119822404286 0.1328510520369074 0.38432352395222297