2 0.43917958398313717 0.19995499294270985 0.3962397480108176 0.13029932736154207
2 0.045548309993636654 0.27619145791627536 0.09109661998727331 0.2625278433687826
1 0.16103585530713754 0.3012462985205781 0.14128062269254427 0.29718746076992403
2 0.7114352973026833 0.3618784454960669 0.11230110001590851 0.18315497535339367
1 0.29252166530077417 0.3760850582262247 0.12336586935072642 0.20025993277919954
1 0.5877705306333652 0.38985127587273916 0.11197383601209036 0.13967671448382846
1 0.40857337929663806 0.42528043499783535 0.10933973201781733 0.204837892969485
1 0.6448285052912291 0.4911327589122467 0.08059656667727211 0.1222063737365297
1 0.5227898732893201 0.5106795894180713 0.10374316534054522 0.0839806268815449
1 0.7242251039545021 0.5312135287840422 0.07578179734245402 0.10521384194810648
1 0.796754084619684 0.5494286893789997 0.0648079346753633 0.10018617920829109
1 0.8481620432845478 0.5708876018535886 0.03315794533736351 0.04648395440302119
2 0.496384103994273 0.07415522947625344 0.2853567920114539 0.1355501491095976
2 0.1369363786600912 0.07735259107555423 0.2711852040101813 0.12080443780229869
1 0.3179682026575459 0.1095984418060224 0.07385567067154523 0.056876556794799464