1 0.529999279336325 0.10672828561337418 0.11294320456996979 0.10510565651766242
1 0.6278631147394894 0.19146689997655889 0.14937697345165152 0.13180451190385672
1 0.4328512968994007 0.4383141080184729 0.09742620418185739 0.03162270472226432
1 0.5418373581975253 0.4676385145361353 0.09123276421671132 0.04722043364502539
1 0.6086560758396863 0.4499333849494443 0.06786827823540291 0.047129530054229464
1 0.42314946186849495 0.38672433694123404 0.07963211180898162 0.04873748184962734
1 0.5502262995645099 0.35988055669061303 0.1549696010296412 0.059965873340175155
1 0.6075063633416143 0.2937106560266831 0.1271769896008449 0.06454428903121982
1 0.6999073518573911 0.34093563485124834 0.1577955931253199 0.06934996369925477
1 0.6788978757961189 0.4306793909013725 0.07971370239190641 0.05029998184962743
1 0.8263166257366671 0.2789401497801672 0.06110370418978419 0.05178975897699045