1 0.46293282792374696 0.4575000317869896 0.07776253571381489 0.12618265106579796
1 0.3202368133132504 0.4223267593319224 0.035629582791715644 0.12955592950346484
1 0.28028396915744896 0.4313768309428053 0.037055715096964016 0.11574786569301618
1 0.24722600730689592 0.45467950429555853 0.03163182954530477 0.040505390457695335
1 0.1591726282480585 0.34729469704668237 0.043114800324311545 0.09662672156233319
1 0.0838141181017888 0.3003191251867712 0.04618525324641087 0.09123281616365818
1 0.4032054517075786 0.8087569956298046 0.02066705600635448 0.03716183713083549
1 0.42268215462967795 0.8153228646658643 0.019022735389503432 0.02874767871906177
1 0.3773560178602028 0.8143678262799838 0.02527273538950343 0.029070979032822998
1 0.2874849943212524 0.8124981620474431 0.0190772824674041 0.03430323427461733
1 0.24803671063603233 0.770159344769437 0.06617047077900687 0.058950208850049216
1 0.2187895413991531 0.8033863030405134 0.0411159237011061 0.052101452039448125
1 0.14813216802235854 0.7552643175270343 0.04593979139585782 0.06623281616365817
1 0.09533840462967794 0.7983900107326168 0.06822389448011293 0.1090310339284896
1 0.030570341316427573 0.8170559295034648 0.061140682632855145 0.08411185900692968