1 0.3113682502945876 0.7776751129179643 0.6227365005891752 0.435303979771548
1 0.6729127208295335 0.9145369465701966 0.0973204275949012 0.11785763088328136
1 0.7766917058024189 0.9436308608677559 0.11425339754067192 0.05303526602793367
1 0.1580472866935287 0.5364819766788679 0.22064884328594586 0.09411638184143327
1 0.21516087080609236 0.312561627845223 0.1842578670936592 0.37785795613925266
1 0.3730955697728201 0.4764344345669777 0.038290861239926775 0.2045761827115265
1 0.38708586778103027 0.29372920163234634 0.028570427594901294 0.11546484731401875
1 0.4173495638208918 0.5461462456344232 0.05339771077238851 0.07194242706562844
1 0.5215239794137405 0.4736046459132911 0.20551472267624504 0.21974079169293895
1 0.6505478832009283 0.6396517336620967 0.061537463699254856 0.15632648382211858
1 0.5106279069104459 0.26256390861811985 0.0617374515990063 0.20772835298099696
1 0.5814398557789777 0.33251945942377914 0.07375566256778647 0.08433162883811024
1 0.8380615187395477 0.6296212873941838 0.2928056444174139 0.16904783484226402
1 0.83716261495236 0.4591149211753884 0.233621541958086 0.21604676050228486
1 0.8965426810127468 0.2549728132587216 0.11950449980360815 0.19805822344631374
1 0.9127221929166035 0.11190563432518058 0.07380111436318479 0.09601387182876438
1 0.8063898588040399 0.3375389986686387 0.06739657825883114 0.05607671988151615