1 0.5905521095960752 0.4784833294050378 0.033142139784752264 0.07383872379102867
1 0.6150619580244985 0.4661194295781017 0.01515411910658777 0.042394092372629505
1 0.6265088802742396 0.446109209584575 0.02979881596343468 0.06534374030081472
1 0.6512177818458161 0.45592711944064096 0.019550520678164318 0.03152545649683955
1 0.673677132755439 0.3729319489764723 0.02587329528527036 0.034626534588378555
1 0.6787263517381923 0.4184419819960443 0.02809076674922295 0.05970735966681878
1 0.6748907222925222 0.47550766405814926 0.03677656203449331 0.09344481839235373
1 0.5942742690255345 0.5448671082971633 0.020132717535011224 0.05374767871906177
1 0.6156762340793465 0.5617911127545544 0.02409247146395277 0.026212376176604834
1 0.6418941317219817 0.5437908322936224 0.02565497146395259 0.02629320125504522
1 0.6531056135250166 0.5029876915059825 0.022821069892376044 0.03724266220927556
1 0.6657318920610639 0.5273006783392398 0.017769696856846907 0.02311129808506583
1 0.5954900126153937 0.5878014262350584 0.008394696856846906 0.022626347614423833