1 0.3278252751716899 0.5043075862865437 0.03325816897336074 0.020802167848518453
1 0.3855104411793011 0.512255321173087 0.08019683596955521 0.025519550489259284
1 0.4480104411793011 0.5148414609903711 0.04119800296574958 0.026680990881234677
1 0.4884762736888152 0.5234668963160501 0.04145267095052709 0.03779210199234563
1 0.5369456071869123 0.5240822657855564 0.06370967292769336 0.055363917595061846
1 0.5932592741831068 0.5236320138433342 0.05133700692008229 0.06040224518716065
1 0.6004006121298282 0.4850017389361737 0.028889003954332713 0.0344970962511111
1 0.6395121916735927 0.5185948475141368 0.04527800790866543 0.06847696453876545
1 0.6491564471108002 0.47311710840568 0.025764003954332714 0.03436778926024699
1 0.7379178581754955 0.5240569066152481 0.156788510874415 0.09806736271444455
1 0.7081321990879665 0.45887494781771715 0.051146005931499164 0.05206891185382732
1 0.7703775311031891 0.4725721987461122 0.06189250494291585 0.0441881529885186
1 0.8225966057040376 0.5484138554496308 0.020150673916276673 0.06188695305629639
1 0.8401196867306769 0.5686018150915444 0.02126750494291585 0.042507162107283926
1 0.8523650187458994 0.5802301541661123 0.010839340912470874 0.06427680986148153
1 0.8563468646012862 0.47473925210598894 0.01677100593149916 0.05064653495432102
1 0.8567315251716898 0.5261927944903099 0.01052100593149916 0.05038792097259248