1 0.5135702073896214 0.6424717538722381 0.08576595048646726 0.1075590560152719
1 0.5201026254086847 0.5613066000954502 0.07381932954530476 0.03030603023551445
1 0.619103187097082 0.5795126196689644 0.0362920560063543 0.027640894228727102
1 0.5891059955390684 0.6623974801081769 0.08409435633066593 0.09920148090387808
1 0.642903151383267 0.6715671547846006 0.03560230925276535 0.09428331911733305
1 0.62630994075053 0.745283070337328 0.04607615909060954 0.05903634489709049
1 0.3611310000032953 0.6473998471779969 0.014307961850553053 0.018968176002545314
1 0.7385468879905865 0.707433024135327 0.06323638555165907 0.057219671122423675
1 0.7306837950526012 0.7708656028007213 0.05725912094116268 0.0779560373435146
1 0.6893730024389273 0.7629315290154487 0.047747753246410875 0.06739392000848454
1 0.8260622991097908 0.5285458677062961 0.06329093262955965 0.06138633778909034
1 0.8277378474055075 0.5796238970400537 0.0411431972400564 0.040213619562908795
1 0.795665687097082 0.5822519405898116 0.01907728246740419 0.025290901336727244
1 0.7991764707823021 0.6125208783682964 0.03163182954530477 0.029651502227878504
1 0.8342781737044014 0.6172329850413263 0.025381829545304768 0.029554535115636327
1 0.8147236043053663 0.6784004170379326 0.047393197240056396 0.04031058667515121
1 0.817425864451636 0.7107405672607203 0.04095228246740419 0.02563028622957546
1 0.815536081984232 0.7357163254826597 0.019022735389503255 0.02112423467006058
1 0.7617719281686283 0.6046474090281754 0.03494774431795715 0.04428331911733305