1 0.18427689570784692 0.5600899579010584 0.027653527735416718 0.07032453996912669
1 0.17966147767982604 0.6056167229138448 0.03045121941479172 0.04932368870656104
1 0.15404322862975658 0.6451188601171737 0.03517508700597225 0.0517009164856099
1 0.2503733679724302 0.6307679174381403 0.03361258700597229 0.051687323425303806
1 0.21314677811666635 0.5626778781148497 0.039717116641249994 0.042395901274004284
1 0.21836160818878442 0.5288401526228704 0.025436411094166722 0.02825487214246559
1 0.2811148749062844 0.6135096176281254 0.030960365691319502 0.08203396908039282
1 0.8891287030785413 0.5054659680174962 0.08699216014423605 0.06850462766262275
1 0.9561700795034372 0.5656367053931425 0.06846036569131968 0.08236020252773613
1 0.9735946220564928 0.5003588717786915 0.03557513050895835 0.07740185106504915
1 0.32982513184013856 0.5964076380116292 0.02285692496187508 0.0632744149938163