1 0.3677934441479169 0.49295774647887325 0.05955814437666671 0.11267605633802817
1 0.5070748029053822 0.5575117370892019 0.24146406743868062 0.25586854460093894
1 0.6505890667730906 0.5927230046948356 0.05741376291777787 0.07511737089201878
1 0.7071475380877434 0.562206572769953 0.06518989532659739 0.07276995305164319
1 0.7028938363403822 0.3884976525821596 0.10319904160312507 0.1056338028169014
1 0.786214829406528 0.37089201877934275 0.0719126740119446 0.10328638497652583
1 0.7246402433504863 0.2793427230046948 0.06617182028847228 0.13615023474178403
1 0.5404444684648612 0.0892018779342723 0.10879573138263901 0.1643192488262911
1 0.483339830072118 0.03403755868544601 0.08855466014423605 0.06807511737089202
1 0.5912815762723959 0.1936619718309859 0.043605836056041625 0.09154929577464789
1 0.5111972988213196 0.42018779342723006 0.062210365691319325 0.08215962441314555
1 0.44044904093753495 0.4424882629107981 0.05890352773541672 0.07042253521126761