1 0.6509050116092692 0.49513172367312663 0.01885908430895533 0.033915168830940624
1 0.6328999001729507 0.48457820491388914 0.01731476502711473 0.03942223809502884
1 0.6219169483775525 0.4710287200652712 0.01738748789975162 0.06164446031725106
1 0.6241243429913583 0.42928932396140357 0.012590903590796287 0.028165668109515866
1 0.6100482074527388 0.42555903391794236 0.015715903590796287 0.028262640692450543
1 0.6062646773003137 0.46318024964661053 0.018904536104353477 0.04780405771982951
1 0.5905942255049157 0.44977622367239434 0.017332945745273776 0.044977793650584394
1 0.5920476411959601 0.41639440404759376 0.01883181323171641 0.02558183549760729
1 0.595885713502863 0.3954398549855922 0.014144313231716587 0.02543637662320543
1 0.6114516261688456 0.37689943651536395 0.011010222872636888 0.022561626262493126
1 0.5702180929913583 0.4309621010170244 0.017342036104353475 0.04775557142836217
1 0.5530033219141194 0.4231621168898311 0.014171584308955331 0.03376970995653876
1 0.5256413911959601 0.41845507143495275 0.031386355386194255 0.04263639249601204
1 0.4951862767345796 0.4235672207852313 0.015752265027114732 0.03937375180356165