1 0.6579933267026357 0.4142779932682839 0.04387845941492117 0.14625195624681375
1 0.6289058445595431 0.4663027903657148 0.04155230032431163 0.08035591429431727
1 0.6224842950460105 0.5863712354223143 0.043605724025417736 0.12272254448210788
1 0.6070695750777826 0.7394629910174214 0.0957409683433749 0.17258604656154655
1 0.7630019752399384 0.7781009343910918 0.03343979139585791 0.054405116296541246
1 0.5362291952081663 0.6271309755505685 0.09562396590774291 0.297278239903168
1 0.5093785486994585 0.40028433169661515 0.07063187418757337 0.1629552576745459
1 0.4548859176120262 0.35016836729303386 0.0608750446422686 0.12993194713603837
1 0.42174790949435137 0.5245940171065551 0.055906900972934714 0.24046542638487636
1 0.4420621838440805 0.7267895346528468 0.12449325973923261 0.22695009582412828
1 0.35268208400623635 0.7675766528037409 0.07345686525911974 0.13710028275600908
1 0.49013939934808165 0.5604691333494337 0.03659206493480802 0.05678543549565174