1 0.19105029425947656 0.8058221913192278 0.06643369970121678 0.15514203333863605
1 0.23966547038410407 0.19982618264641 0.20245818353890252 0.08274086935072651
1 0.6444099107359831 0.28745126261141163 0.05737684053257644 0.03948067067154524
1 0.7270813922580702 0.38607911927118466 0.028349652637361743 0.04394999466899989
1 0.6677841903851858 0.46232399327659357 0.052114244891484175 0.028506808004454244
1 0.821871864748744 0.8190819759309578 0.037404477476831566 0.09244203866963616
1 0.8905657105837805 0.8678007392584579 0.03423518706655854 0.07211135733609098
1 0.6931173184200065 0.859117177275639 0.049511262470397444 0.023801126670908702
1 0.6868060358343345 0.7857069492759572 0.03955237917739949 0.017478401336727067
1 0.744744098533172 0.6719620752705483 0.02540688542276279 0.02986931333545435
1 0.30330611718469935 0.6127438059755012 0.04741795723957828 0.03315794533736351
1 0.46200208150803035 0.8616256539624562 0.029933280677912927 0.02053067600254508
1 0.46225997159691934 0.9694654259627743 0.02982001908007575 0.017405676002545077
1 0.6939040466173569 0.6793751332750027 0.02031418217842664 0.023582950668363623