1 0.034375 0.8470581172722761 0.0546875 0.11120056806418536
1 0.1359375 0.8518811954443364 0.1484375 0.08303677073732495
1 0.221875 0.7844536730910461 0.034375 0.18328168855296667
1 0.43984375 0.7984175115847351 0.3984375 0.11877473514724957
1 0.31953125 0.7287383729764288 0.0765625 0.08529244577529661
1 0.41484375 0.7155835410354364 0.028125 0.08354115206407793
1 0.484375 0.6948657036645085 0.03125 0.11278035234735712
1 0.5484375 0.6864815153330089 0.071875 0.1142491793309601
1 0.61875 0.6657354312893197 0.046875 0.14975305279288034
1 0.65234375 0.7203460670790175 0.028125 0.2000460064330097
1 0.715625 0.7447571157115418 0.09375 0.1514478531585762
1 0.75234375 0.6220702987907758 0.0578125 0.11131355475523208
1 0.81015625 0.759543151802534 0.084375 0.11227394162912646
1 0.92734375 0.7480245974902361 0.1421875 0.10222827308338767
1 0.96796875 0.6543227607978952 0.0609375 0.10414498804822