1 0.48866662824476326 0.48664450511751134 0.07455571509696401 0.11844798935031141
1 0.6023393904196278 0.5991047956636062 0.050790932629559825 0.08365962395482206
1 0.393689318991998 0.36746463336613594 0.03664661201270878 0.07445327138419502
1 0.4661625624991762 0.185079254058197 0.04454093262956001 0.08327161540491375
1 0.4972040568171333 0.24152104571072736 0.050763659090609536 0.08088184617704428
1 0.5198290791382677 0.31655190467493716 0.0522170649348082 0.06986773720341025
1 0.5545898628234877 0.2740915788039251 0.05229888555165907 0.07820107053674358
1 0.42429661647693573 0.062277290508398 0.07307503571381488 0.124554581016796
1 0.4967619517042833 0.04018953781770321 0.04769320616851012 0.08037907563540642
1 0.3764551801939279 0.20454576585201786 0.05388865909060954 0.08107585045199844
1 0.45776368141174384 0.12584204252336018 0.06479888555165907 0.07897708763656013