1 0.4062186269469688 0.874153923515807 0.08757420783841638 0.10266674603069974
1 0.4734375 0.8986111111111111 0.053125 0.19722222222222222
1 0.4020599758516122 0.7461822005721602 0.03123327962517113 0.09536568398232248
1 0.4811972095542762 0.49573176478481146 0.05650606426490725 0.11280813131246564
1 0.5045558046979959 0.3102509754627748 0.05204588479802066 0.12655156132695267
1 0.21006165861720402 0.25108706637546063 0.08766513605166182 0.10822230158625545
1 0.2217600250728246 0.39596788744311046 0.06850595909205773 0.08264046608864817
1 0.19714045830063492 0.4674628152933236 0.03978992570596289 0.045656601731126206
1 0.23776545830063495 0.46872345887147265 0.0365739974927175 0.04000407359263613
1 0.20578803259467202 0.5121981774865716 0.01580685642649069 0.011595974025783877
1 0.21975960438142667 0.5181901096653327 0.006568248746358751 0.019638389610313486
1 0.230515247954936 0.5296406248167146 0.01268185642649069 0.011499001442849198
1 0.24131635563506793 0.538313362190319 0.011164820533113406 0.014228292929159794
1 0.04448681974169059 0.529426311687665 0.030596782132453627 0.05647679509343359
1 0.06824256848804935 0.5107091616152296 0.02572742570596289 0.04522022510792078
1 0.3087264791503175 0.2402528138490098 0.02525606426490725 0.11183840548312018
1 0.44510659685957926 0.40845698267848574 0.09608538981258566 0.05017988600172569
1 0.5166178840065978 0.4329095743082024 0.04764788981258548 0.048676810966240366
1 0.5233847095542762 0.49704089465442775 0.029261602665567033 0.0703171976908553
1 0.7491957371343834 0.9320431298608288 0.0692788489046432 0.1298626883108704
1 0.43736097835889465 0.7861862741647963 0.027971887305303155 0.08693537806605478