1 0.5678907891345831 0.3763633599477053 0.1293264369297223 0.16340009447582773
1 0.5451994779641665 0.2864270856697784 0.04687630642076392 0.0922408484284566
1 0.6321520044653122 0.45701367800766285 0.05893989532659738 0.06669927286966956
1 0.5941064905976038 0.48876660981222925 0.05639677678548623 0.10086244453714414
1 0.9786983897239232 0.5708969601611736 0.020858013867708535 0.0322128884349197
1 0.7945760032310412 0.6923119662018226 0.033394381458888844 0.034449090653910316
1 0.7143793569545134 0.7215925018420817 0.033467116641249996 0.03872259492741483
1 0.6279522008943399 0.6578621632322238 0.022565984232430482 0.04077232824220818
1 0.6012429241088537 0.7580906134950971 0.030378484232430482 0.04083448454360711
1 0.5688843657882287 0.77706654189013 0.04109777868534721 0.02810099054505308
1 0.6388156592912149 0.7541154594683084 0.019150043502986058 0.023653448627631222
1 0.41038676044923583 0.40289179606736125 0.040226262917777866 0.06868684988306374
1 0.3956358890583332 0.2595926590418901 0.044042247150208436 0.10931000300191408
1 0.492540071335312 0.7636368973159061 0.018278527735416716 0.06423930796564213
1 0.4693019398764232 0.7976446782298828 0.034884146276527875 0.030188017640685974