1 0.16653761462115396 0.9261604314863313 0.06070437622353535 0.12534074159426167
1 0.2071105401190499 0.8270304102462814 0.02905258293962456 0.04045371768389698
1 0.2934473442027339 0.8411221015932066 0.026036710344286184 0.045045049156194915
1 0.3050644012816428 0.9120371295093517 0.02798115626060227 0.06144097220509281
1 0.2896378087233714 0.970815390220459 0.033521828130301135 0.031230271877319107
1 0.3250941590861911 0.9570473085361486 0.023983137023308565 0.023976228911035867
1 0.35531737242570227 0.9667660614190918 0.02888889183263199 0.03344437188950446
1 0.3630678742398008 0.9023505935225665 0.030833337748947986 0.049840294938402085
1 0.33607135382138076 0.8213293755346506 0.027762901451278844 0.05209517781256944
1 0.5344815719702153 0.8173181763620254 0.1775843413771451 0.1820969911379255
1 0.6547667901190499 0.815346120288491 0.05530754809323426 0.09484456123261552
1 0.7060043971052916 0.7276128620052225 0.05837798439090332 0.09258967835844817
1 0.7213144277753306 0.6069594963056297 0.053328385842182156 0.14382841606939945
1 0.82638138449142 0.6882780197925855 0.18485120435383634 0.15893641946652606
1 0.8233332847615724 0.5179007950079523 0.11052581614940138 0.25273245175278175
1 0.9068451892080761 0.5192235847891215 0.09526291469812272 0.20096353683606677
1 0.939136844835706 0.6409695217963997 0.058105165879248945 0.08090743536779396
1 0.3997891134400276 0.8009860808393403 0.05399801923729371 0.03876979487747534