1 0.37342829935479666 0.8386676157813387 0.13325285178688598 0.13309764588302322
1 0.34140625 0.9707943925233645 0.1109375 0.04439252336448598
1 0.3765599110275143 0.6376922557808629 0.0514590237259962 0.1690399102898892
1 0.5110940785180003 0.634189219795679 0.058571186767857955 0.14347491091452796
1 0.5539965029285685 0.5800031343212182 0.07371602570316256 0.1834392204500928
1 0.7220448018634356 0.23580000214157348 0.04581651878308044 0.13391162019547964
1 0.7323125039171516 0.5760931111798061 0.06893568380210838 0.12263718281705968
1 0.8196732410655704 0.668777861353807 0.05672484387822045 0.07571790156873331
1 0.7955791664647218 0.606413387329882 0.026018671939110227 0.03781817022314328
1 0.30020695254800767 0.34183163221233354 0.05009284190105419 0.06159046181668601
1 0.35590385422116283 0.4491595574578725 0.029907675893442943 0.06590992748234463