1 0.9463001977602079 0.766075688074751 0.0661718202884721 0.12487970075480839
1 0.8677407462971871 0.6584775803833661 0.05254442496187508 0.05898776778875759
1 0.8375460596518053 0.5531959117734285 0.05933993882958362 0.09087888195110788
1 0.7549167040284719 0.4552449403069303 0.08953658510611114 0.1215810835049724
1 0.6999363036678815 0.6102549623448845 0.05254442496187508 0.05898776778875735
1 0.6712852800165274 0.5512947166413651 0.0620648953265972 0.06779490316730401
1 0.6237030716196525 0.45829167104962093 0.038736498100139016 0.07320322505849021
1 0.5491576665094094 0.43486689753790947 0.05120013050895835 0.0715846095013344
1 0.5010481280404164 0.3724545692457433 0.03815461664124999 0.03944795079688684
1 0.5256701875953125 0.12165654948392747 0.02532730832062491 0.019969519940540612
1 0.6417121084731249 0.18350828552213697 0.026998911094166723 0.02636002000011553
1 0.790649609804305 0.7827321317661694 0.03368532218833344 0.051922020238415315
1 0.9621232598805548 0.889842321355884 0.020967116641249818 0.03877270330611978
1 0.9579072321451383 0.953256232867439 0.02521820554708327 0.013640406016490041