2 0.47755174065086436 0.18856630528568707 0.40163632001909005 0.22458654514030357
2 0.07859661998727333 0.14636096310851043 0.12240335335772615 0.2799419712973902
1 0.19222276798218263 0.20638374548349395 0.16960561736154417 0.3242634244473238
2 0.7249978106301835 0.4285565239531243 0.12967041335136287 0.20761873522817612
1 0.3124892673058649 0.31846537385029117 0.14231586401972632 0.22716725800052567
1 0.6008336046308198 0.4190756875985537 0.12465564934754489 0.16405615513057414
1 0.42047394263209253 0.40133664369594674 0.12827154535327168 0.22932975925361324
1 0.6437199912874112 0.5345969665771391 0.09166133601209037 0.13931133116233557
1 0.5219449886219112 0.5191196424935918 0.11017497867599957 0.10824764189090808
1 0.7174751172820024 0.5975262239196065 0.08528406667727229 0.12229069296456672
1 0.7859342159452752 0.6374102489259826 0.07271134134309047 0.11240400594100942
1 0.8333268366088664 0.673291649000396 0.03789998933799978 0.053814650442652275
2 0.5501358126591367 0.09565630156486073 0.2934783746817267 0.17675348308869285
2 0.19662046133036376 0.03735783269832045 0.2786340773392725 0.07263579110506539
1 0.3706573979949093 0.06464628671233721 0.0786704400063634 0.07386908858322279