1 0.8466260568870048 0.36641134786012225 0.014135222872636887 0.022804103681111108
1 0.817715261707465 0.36621854863672715 0.04695681323171641 0.02693960486296305
1 0.786465261707465 0.3675116185453692 0.01728749394987581 0.031266744005308704
1 0.7661345809893058 0.3627965584304309 0.02511817466803503 0.037145567038024616
1 0.738759014732527 0.35420577237827056 0.029878397540671918 0.059561749746543234
1 0.709830038834828 0.3484574175993199 0.037718168617910844 0.06821835055703708
1 0.6849073068870049 0.37310298463734465 0.04553066861791066 0.06854161803419759
1 0.6387999213483854 0.37084359608592504 0.0454852168225127 0.05465272914530869
1 0.6044158309893056 0.36948819520765347 0.04083407825883114 0.06556987977012341
1 0.5724300327847038 0.38470248075290037 0.0298602168225127 0.05400619419098768
1 0.5458720779642436 0.38719047906413506 0.026698855386194254 0.042765776089012456
1 0.5200771924256242 0.384090595072098 0.023592036104353474 0.04819202465370375
1 0.5013453731437835 0.3904219925728387 0.01731476502711473 0.03960007733864188
1 0.4740334394005621 0.40127565096512274 0.04231476502711473 0.040634533265555696
1 0.44360559601642036 0.41503639412604876 0.02195681323171659 0.02590514893604955
1 0.41863741227319906 0.4257930722751846 0.02351931323171641 0.025969802431481524
1 0.4282351260706497 0.4934607068581476 0.018922716822512696 0.05355361972296306
1 0.4023766080184729 0.4709163784216661 0.03917158430895533 0.03494967071913588
1 0.3366743399662962 0.45002071411870315 0.03155907220870695 0.09573751435308647
1 0.3031260417616942 0.4652996531593822 0.04398634933607006 0.07403252009432101
1 0.26640729176169425 0.46681901030203665 0.034638620413308896 0.08197793245506185
1 0.2280533188890573 0.44618079871790095 0.05050906010845857 0.15762446740938288
1 0.15026920735454297 0.5535801401561726 0.047102258976990455 0.0713840493074075
1 0.10098682484098565 0.5361722808178394 0.06429884933607007 0.07487301553493843
1 0.05311695140261463 0.4728664346507407 0.053415891490547776 0.09108710773358047
1 0.030719776636383735 0.5529705770011728 0.020503397540671976 0.059173828773950596
1 0.0628959515008105 0.35716840915265424 0.03954428903121974 0.14883855960802478
1 0.01920503883482801 0.37703426258030864 0.03635565651766241 0.12926480817271604