1 0.14117568165798175 0.8829168428134816 0.05508929328391084 0.07886524182663673
1 0.1853522675928312 0.86783608990302 0.04484127404661713 0.04415677115946143
1 0.2398760764858386 0.8600539190571415 0.08535714664195541 0.04082451186664595
1 0.1965973024392215 0.8179661749904645 0.05358135698624169 0.0809827955660154
1 0.1793973895551973 0.6943823292670893 0.04889385698624169 0.08086993954277258
1 0.301989152169069 0.6580052815745696 0.11388393992586625 0.11905023622824018
1 0.050411750084818005 0.447335395208609 0.07583830290255766 0.0965956639043668
1 0.15430064191745002 0.4750249764903711 0.0849404843909034 0.08604551388188693
1 0.2549107663268868 0.5275930872167897 0.04689484736759484 0.06359094155801355
1 0.24001988710812658 0.4643352597424143 0.05399801923729371 0.03576179355077454
1 0.29529022966639795 0.5169167258199499 0.029489092558271323 0.05455644648428428
1 0.8120511106144388 0.17884581673399919 0.1217510036281972 0.12139350201410462
1 0.7049925787632733 0.18034510972447956 0.09943949400955035 0.10362546126196011
1 0.5086756617877158 0.6702809958622319 0.04155258293962447 0.03761601656925374
1 0.23638648873689064 0.8148517263791077 0.04237103847458741 0.06994360277615004