1 0.912397429330278 0.5413033229270907 0.10214568787965277 0.14273876281461964
1 0.9626364315144796 0.7593630503973761 0.02271145459715278 0.054752659144252855
1 0.8283679214464932 0.5590522237369873 0.05657861474138883 0.12406113504011917
1 0.7885066408612851 0.6058868624158091 0.04131598423243048 0.04640545456127145
1 0.8068403731938545 0.7302846901073321 0.04109777868534721 0.03241944057525747
1 0.8128182694703824 0.7632036241241645 0.028670513867708535 0.036430242076576844
1 0.7219380431217365 0.6920895349731727 0.04582164627652787 0.03499464409151664
1 0.7210119759673962 0.7328006753706279 0.05861258700597212 0.05429386590022057
1 0.5677759135627086 0.5676028799022045 0.09037173328249999 0.08855590643596654
1 0.8928648729095141 0.4401341181505054 0.06646145459715277 0.05703187020665133
1 0.7180311399113546 0.6418101840664513 0.04629442496187508 0.06529767439454695
1 0.6549680954584378 0.6524994820514961 0.057304660144236054 0.07052948182215137
1 0.47331870516583374 0.6674918604995412 0.027398954597152782 0.0549968603295097
1 0.49132447596739615 0.7208348172930359 0.019622822188333444 0.05692086068508386
1 0.5118895894745142 0.5879824889891441 0.02554551386770836 0.03626744128640553
1 0.5241902209334032 0.6258890292483237 0.028670513867708358 0.036430242076576844