1 0.7265625 0.37855929489767515 0.103125 0.13576309814003032
1 0.7296875 0.2868065797197275 0.0515625 0.0774443906000698
1 0.709375 0.4849751846605399 0.1265625 0.10737840732982853
1 0.67890625 0.5800422997220317 0.1 0.11368251410962375
1 0.7 0.6591404340195194 0.103125 0.07565380852254398
1 0.61328125 0.6899094277485488 0.0765625 0.06283223224222992
1 0.5375 0.7158007489558545 0.0796875 0.07125161408684415
1 0.60625 0.6057109603961986 0.0515625 0.07471215016291134
1 0.54921875 0.44037560802215764 0.0828125 0.1288513238003108
1 0.5328125 0.5522003135260546 0.134375 0.11613177997415113
1 0.540625 0.6267802742150654 0.075 0.06272090197566052