1 0.3346987337679456 0.393375133755186 0.04445911201270878 0.0633281256942933
1 0.3634862069825844 0.4723974215963673 0.05295345048646736 0.12242343989020571
1 0.38221684172346465 0.6096133136231108 0.050155732953871456 0.1504285067001036
1 0.3838417970811959 0.7388852421183771 0.07485572402541774 0.12591848865284533
1 0.24084972768216092 0.8006744674147409 0.03176819724005649 0.04624041171322761
1 0.4629486444834082 0.6584768817300847 0.10203760714144501 0.31502349407976543
1 0.5207650986233234 0.7284523015797103 0.035165932629560005 0.06987853739159262
1 0.595619048299012 0.812240229561752 0.1783352800317722 0.16184518063982978
1 0.5811395369349263 0.7128289438929316 0.0839579886359143 0.1029361520729169
1 0.584052077112968 0.5967137344316448 0.05953073295387146 0.15092034852393119
1 0.562537361608967 0.42999117212559723 0.0587046185055307 0.21421865657676745
1 0.5002282763816195 0.41028030175078534 0.08277731818121907 0.13571802820087067
1 0.48236289204777627 0.5350064330191812 0.08321369480442442 0.17327671364688005