1 0.4508408252198942 0.5484163190240903 0.07278771397248321 0.17648718191036664
1 0.5109797170525262 0.5780261572467855 0.05886905771188111 0.1150867936955676
1 0.49940978919237755 0.7189881836724201 0.09308036660488846 0.10987244072551727
1 0.6217064298438831 0.8646564582486518 0.24046628729346117 0.20624541166648083
1 0.7965080224021547 0.9140111184972873 0.14398810217691818 0.08452754678446034
1 0.7574529237686154 0.4809411050290569 0.1283085384745874 0.08137519235708304
1 0.8196701815731637 0.43207593875705735 0.03995536660488845 0.10709836090607934
1 0.8510863618803832 0.5380431484869701 0.10012897477225664 0.0775701132663086
1 0.6121949543538365 0.1224260754274866 0.08944942431676957 0.221695611104099
1 0.5230679669677082 0.1056704761839862 0.10238593393541642 0.2113409523679724
1 0.46050596878180683 0.1584185404402095 0.1051438569862416 0.09183357660386764
1 0.6642138113400782 0.20626377490473907 0.0642460384745874 0.07802997845717273