1 0.3652479491294349 0.461423514119258 0.1901656619159094 0.20096363825079872
1 0.494400588546309 0.6342844462031619 0.13828491316955044 0.18437988422606727
1 0.3236561795333936 0.6474686627073322 0.1745406619159094 0.20035745016249631
1 0.1275542097521319 0.6271185269638159 0.2551084195042638 0.21851729321681385
1 0.0364794061099216 0.4265457796251712 0.0729588122198432 0.23642489258367572
1 0.6971558640148452 0.7307671768265902 0.032704851411925875 0.0678790428432715
1 0.7377581319615338 0.7333849325228431 0.03243206677218975 0.055379042843271505
1 0.5355591344688163 0.7547317728504086 0.04704013605166182 0.08092461212274363
1 0.30186008438967393 0.7863245703347026 0.10140938730530316 0.06846293709846876
1 0.07949333940423889 0.8360803422185568 0.0842673514119258 0.06987946353466938
1 0.09732649482083286 0.7637395542357773 0.19465298964166572 0.10549401777044688
1 0.42620085484364506 0.8213824083744553 0.04427884890464338 0.09747004117174972
1 0.6723400689502678 0.8288465374318849 0.04649456677218975 0.055924612122743626