1 0.07985964589527815 0.5943642036596124 0.11969555737069448 0.058773696137765084
1 0.19005161027607673 0.5559598057532262 0.06613545269729175 0.12123537116203996
1 0.25773007275701426 0.5866914145329266 0.07136716014423614 0.06314451306402755
1 0.33823192429628496 0.36808983020975966 0.06373780452090294 0.16278080021104605
1 0.41088882750666694 0.4156699620826174 0.09037173328249999 0.07845527210332376
1 0.395010560789167 0.49000315518548476 0.10901263050895835 0.07293269780928663
1 0.060127720933403114 0.5373867779536495 0.08430357123840285 0.08862946353466938
1 0.12448050845246561 0.5117774585201046 0.05261716014423614 0.062417087358064664
1 0.5639229085287155 0.41640227201464775 0.05537848423243048 0.041704991642391796
1 0.6031133483082295 0.46997076616432204 0.08375805737069442 0.057379463534669384
1 0.6612161358272919 0.4441189714954561 0.05352634992375016 0.11450042069139789
1 0.7393041150257293 0.40030522134138324 0.05090918977951393 0.05402313521590105
1 0.7463542020317017 0.4463810299100376 0.09760235182361114 0.04542503281414163
1 0.8232608877271531 0.379620303684883 0.08713763050895836 0.07208403448566329
1 0.881853984516771 0.3371321517537655 0.03844555737069442 0.05562151807859242
1 0.8877416150257293 0.4060640081802562 0.05686824905006915 0.037598943784555416
1 0.9247863669255905 0.33671583566326374 0.04916485182361115 0.04354584974040421
1 0.22811400151861144 0.5001836093073156 0.062210365691319505 0.07528080021104605
1 0.29737249458475723 0.4872561463002614 0.04916485182361115 0.04354584974040421