1 0.5660979191493691 0.3806902097641241 0.13565501778268044 0.19450473120690503
1 0.6131847808123588 0.520182832040919 0.05214900496239885 0.11958987989722124
1 0.5475597808123588 0.522998673483356 0.061014582712657625 0.10386311070236194
1 0.7750447719210187 0.6075797525958418 0.06337760339082213 0.1292757766660451
1 0.8706483703494422 0.5942734882581703 0.02271406203449331 0.07690843632972504
1 0.6781996970662438 0.7590007771720457 0.06537244292790553 0.044223451976449724
1 0.6480049288692789 0.7269315158005487 0.018351893713693813 0.03760384172954769
1 0.5964788161728316 0.727991888915459 0.038411836641598994 0.07988302223383856
1 0.5122493653870434 0.7270039615534309 0.1059632096771285 0.09428664484733199
1 0.4616885932611369 0.6727983174197679 0.038630160462916764 0.08679546463015193
1 0.4220653211352305 0.6181233663790323 0.060684942927905536 0.04402232044484692
1 0.4154664106723137 0.7035444322098992 0.06798802067816431 0.028228507406120408
1 0.4269282954946673 0.7605782461729698 0.050727746071058635 0.025186877658139536
1 0.31735639640429003 0.6973995307790848 0.029730349461880756 0.15084228675533679
1 0.24164576695862 0.7478191364042679 0.02830909057054054 0.05643928451625508
1 0.20196468279822016 0.7690804859571778 0.028163541356328814 0.0518309895853795
1 0.06575320099518527 0.8082899167005688 0.05738016046291672 0.0875999907565621
1 0.1234758097626909 0.7839534154777442 0.03299659057054054 0.05664041604785788
1 0.2878679495474432 0.7170730216141367 0.01799232878371626 0.12502735772844845
1 0.2702074146012551 0.7327874624220254 0.01177656203449331 0.07643912942265209
1 0.4165580297789015 0.6689822202283325 0.025946069892376043 0.03102661855257207