1 0.9238491883148982 0.8083644433064631 0.09651253571381488 0.11735614312661784
1 0.8731809866106147 0.8707119378957783 0.12288412094116268 0.09989972673021086
1 0.8281645413991532 0.7665064055640531 0.08721935633066594 0.12489590773711434
1 0.7665042926169691 0.8337440421989477 0.11232845048646727 0.13603986877579022
1 0.6571117017075786 0.757622734705616 0.14129893019392786 0.21758724161096707
1 0.5089293461876916 0.6543233630893537 0.22799218100470675 0.4413960267831644
1 0.5322282987027538 0.369758039766611 0.1712318920444808 0.24188840367772788
1 0.3629464646932221 0.4156300527555499 0.0828864123370204 0.15861370670902955
1 0.3137162577139331 0.7137682704238247 0.19181712743398432 0.26852099702165183
1 0.23140436404459902 0.5889405465340861 0.17679214529089188 0.3253581047058128
1 0.11394412865509562 0.6115730208319602 0.1227125714276299 0.23266677083196038
1 0.02125957102388811 0.6270066497562171 0.04251914204777622 0.12380496617910097
1 0.654841864044599 0.6012590949599897 0.10950345941492116 0.16459479031262228