1 0.51796875 0.11248282307242626 0.0359375 0.06604586268642279
1 0.49140625 0.21458051678498336 0.04375 0.0965556296662018
1 0.50078125 0.36862300201672515 0.071875 0.22788611789621005
1 0.52890625 0.2326196165904552 0.0421875 0.06849105944781615
1 0.3921875 0.2852321275216349 0.053125 0.047653331350347855
1 0.42734375 0.32200359667337697 0.046875 0.045208134588954625
1 0.453125 0.37529332825692857 0.0375 0.06373660112910758
1 0.428125 0.4820367321249318 0.046875 0.1456754243085808
1 0.471875 0.5291726912437767 0.0359375 0.08707390006960035
1 0.51015625 0.5939271694914576 0.0828125 0.16499231503238662
1 0.4671875 0.6928056542353824 0.0296875 0.05659132013063703
1 0.41484375 0.644650999541958 0.0453125 0.10125571390327905
1 0.5515625 0.5137674605733952 0.0328125 0.11505690916553919
1 0.56171875 0.32784308125669176 0.0359375 0.09408324586399287
1 0.57578125 0.39301895863701475 0.0390625 0.10815631153440905
1 0.59765625 0.4884327325889605 0.034375 0.1197569934026165
1 0.64453125 0.642990953140193 0.0515625 0.11071025645906493
1 0.56015625 0.6327768103535821 0.053125 0.1200832378924038
1 0.5984375 0.691690167105936 0.0453125 0.04751739614626971
1 0.4484375 0.7375244220896559 0.0375 0.045045012344060845
1 0.52890625 0.7641616726652216 0.03125 0.07531009595649926
1 0.57734375 0.7563095286055449 0.034375 0.05433643265495295
1 0.665625 0.7279043019209577 0.028125 0.04020899290290538