1 0.7242812899825009 0.15530714476167626 0.07103975334181775 0.08514713553605385
1 0.6054494739815464 0.16747120516782352 0.06642497867599957 0.09338854431520908
1 0.5528330039783647 0.20000720657720825 0.05670453333863605 0.05350392972320629
1 0.8803001919160038 0.8060240566195667 0.09286020934118148 0.07939425643165945
1 0.9074354039226854 0.7396425616221143 0.026835220003181705 0.031934730905594406
1 0.11203144991250402 0.8583813935970592 0.1779261000159084 0.1606939923525858
1 0.6361769272358682 0.9442584252966811 0.06440794533736352 0.041160036872770055
1 0.7888115785725953 0.9073025404730878 0.07857953333863606 0.05401409863551329
1 0.5925189285885036 0.7553360805846107 0.060138616008908664 0.08906741642436782
1 0.43804905724859483 0.8236436461283048 0.1287613466740906 0.07605702572883888
1 0.2567445132479585 0.8341338079898355 0.08642839600572697 0.058371667162947616
1 0.6601871392425496 0.8779498115724155 0.03319430800445424 0.044606589485370725
1 0.6646388292489129 0.8152282298139174 0.022129538669636163 0.029737726323580484
1 0.6694086925923216 0.7159722012913275 0.026944308004454243 0.04446082693899733
1 0.5827888452419133 0.886016671100488 0.0255090773392725 0.05903816500804055