1 0.9195875714276299 0.1825208377632307 0.15061147483619663 0.32544783122829213
1 0.7400949403401975 0.13674291507374928 0.1022909772718286 0.19980545576386366
1 0.8244659862002823 0.20145219682572194 0.08721144805083511 0.24634406926320135
1 0.6721046452908919 0.2711953807763448 0.09864778003177221 0.1551225681350927
1 0.95234375 0.4471830985915493 0.0921875 0.23708920187793428
1 0.7780973210205928 0.4480480525657193 0.09187958279171546 0.11035773184468681
1 0.44670127069628124 0.376901916960832 0.11945911201270895 0.06414691299188846
1 0.14910925040374182 0.45749796719860086 0.08316705600635439 0.03268807145820549
1 0.059470051945869365 0.477459625023419 0.05824887662320544 0.03907473568625366
1 0.02785581330995508 0.3796670751785839 0.047311376623205434 0.038787915370531764
1 0.06756319561520338 0.3668851405408619 0.03481137662320544 0.0384601207239924
1 0.31989726298564347 0.29217218157754915 0.0411431972400564 0.04566627156838891