1 0.42048703008738963 0.45338142280463445 0.02305706677218957 0.07290103030276403
1 0.4090948890211628 0.481498604622683 0.019659282132453625 0.056137391053162684
1 0.3987340505413607 0.49431376551722034 0.019522889812585563 0.04780405771982951
1 0.3828135338483133 0.5128541839874485 0.020903533386094873 0.03674143290018558
1 0.41666334811322053 0.40074910390125845 0.01612510517284953 0.03104041847022832
1 0.42824570579335247 0.40871879004858724 0.01598871285298138 0.02270708513689499
1 0.43615749419401234 0.450118782112184 0.01818771034569906 0.06164446031725106
1 0.455870600620503 0.4384015923577319 0.01805131802583091 0.053311126983917725
1 0.4747797249936824 0.42809753463790245 0.014517141066226813 0.028214154400983203
1 0.49293033142017306 0.41642883117491775 0.022466033386094965 0.03678991919165292
1 0.5333962070469938 0.42489040981899084 0.02568196159934022 0.042442447330143