2 0.3647319252864567 0.5609137055837563 0.32708975867281787 0.07360406091370558
2 0.7917575019494114 0.6053299492385786 0.3538340720082722 0.09898477157360407
1 0.5705001199475024 0.6281725888324873 0.04469542934436319 0.1319796954314721
1 0.3656398972788207 0.6522842639593909 0.036355670671545146 0.0583756345177665
1 0.5209541059436844 0.6738578680203046 0.042914753341817755 0.10152284263959391
2 0.8208268366088664 0.6916243654822335 0.29907384667409076 0.08883248730964467
1 0.3325274052753208 0.6941624365482234 0.04097044533736351 0.048223350253807105
1 0.45591945194145717 0.700507614213198 0.06756930800445424 0.0532994923857868
1 0.29495467994113905 0.7043147208121827 0.07389203333863614 0.06345177664974619
1 0.552149014600594 0.7906091370558376 0.049564742679817544 0.15736040609137056
1 0.6661296985996394 0.8020304568527918 0.17607269867918127 0.14974619289340102
1 0.7869234565961396 0.8439086294416244 0.07543635200509069 0.06091370558375635
2 0.11640625 0.2182741116751269 0.2328125 0.4365482233502538
2 0.6104545999761375 0.28553299492385786 0.775965800047725 0.5710659898477157