1 0.8861342106142752 0.6676873597850604 0.040952264003817976 0.05084038163943395
1 0.9142955732813661 0.6615500015560506 0.012990896005727138 0.07525857896597977
1 0.893164913271821 0.7869701923757676 0.06026588534372692 0.1373393611995144
1 0.8956717479312758 0.881349992078717 0.06124658267027243 0.04848279468137314
1 0.8369058226050482 0.789522686611565 0.02138519867918127 0.16430907970860587
1 0.8131410586012302 0.8400075221727769 0.027017033338636053 0.06999392474715099
1 0.6987331132638669 0.8951448330151189 0.026780676002545432 0.03388281363603988
1 0.5827444865929579 0.9530922440059864 0.30975680800445426 0.06473316274132988
1 0.5989876519335031 0.8583245758540673 0.06929544000636341 0.08475551764622145
1 0.2057370912635487 0.9095092076526085 0.03528406667727228 0.13959998104533294
1 0.13849504726291234 0.9192324029280824 0.08219542934436315 0.14612520772331233
1 0.6142581159293669 0.9121680188132595 0.025199994668999894 0.031072713487514787
1 0.5415200499284124 0.9261710090530162 0.05032726400381797 0.05103431586391846