1 0.8547039395625233 0.7732825971437065 0.08048913354437914 0.11318374781503848
1 0.7615760651893441 0.7816076206799659 0.13259720282385173 0.13957333306127537
1 0.6202380113492781 0.7795005072554886 0.16964256175762477 0.11823053634149842
1 0.6038066807870348 0.6692620093285003 0.07951766693047428 0.141309683248348
1 0.39629204598901413 0.7683205474673329 0.2814893438900784 0.16241466170205646
1 0.2722156999873647 0.6881654290685923 0.17109741316955063 0.1874946056055677
1 0.05634064740093998 0.7018079842935098 0.09400606426490725 0.08732305618797921
1 0.5062390104913483 0.5542670766616197 0.15293844655564542 0.21548202128147348
1 0.43887200257378944 0.6749195440580583 0.1697789540774929 0.12472404283500492
1 0.5545197346271008 0.6729054327896369 0.07106866943775678 0.11094368941922526
1 0.3687617425446596 0.5542929836385982 0.05356292069139794 0.0956536545103064
1 0.15186374755922455 0.6166368375648142 0.04606866943775674 0.11074220613572913