1 0.3168886009497074 0.6563351846665016 0.2721143438900784 0.2111150033241183
1 0.5068316393503671 0.6186118472310247 0.1387562746106063 0.17503426847725115
1 0.7510530007914229 0.5570197927717089 0.07727320533113406 0.1404403626847669
1 0.7951235980467135 0.43436219159764783 0.06298338479802049 0.12626057245915093
1 0.8695158442857899 0.4942146763561116 0.09068248746358734 0.19625449720630206
1 0.9625 0.5263888888888889 0.071875 0.125
1 0.14036320486891565 0.7026665955866652 0.11844377461060622 0.17461407765753417
1 0.679791766230829 0.5930329637173258 0.059721992478152686 0.11786259438432264
1 0.5894790032987053 0.514801699695832 0.06827863855894431 0.06805652860880732
1 0.6347149469513569 0.55877844281769 0.044704746239076346 0.05923835971426222
1 0.043579133082161006 0.7062181641558785 0.05956887978345573 0.20394138312468613