1 0.18146036702249965 0.525 0.04927526101791675 0.1375
1 0.22797299753145803 0.45625 0.02747168977951393 0.052083333333333336
1 0.24090810220486078 0.5208333333333334 0.02042290919430565 0.09583333333333334
1 0.4067136337399996 0.6 0.024493466564999976 0.15
1 0.4614011337399996 0.6 0.08543096656499997 0.15
1 0.49112630775194416 0.5083333333333333 0.022675087005972296 0.04583333333333333
1 0.4408327541809717 0.7041666666666667 0.052435322188333446 0.05
1 0.45245993199263845 0.7541666666666667 0.09109777868534721 0.027083333333333334
1 0.5239361949104162 0.6875 0.07013196846486114 0.07916666666666666
1 0.5377454281929163 0.6125 0.04029899810013902 0.07083333333333333
1 0.6138715170987495 0.6375 0.052908100873680655 0.07708333333333334
1 0.6716112819163884 0.6416666666666667 0.05912173328249999 0.075
1 0.7959566652751385 0.6791666666666667 0.01667966014423623 0.06041666666666667