1 0.3646478179447787 0.13981394583149798 0.16492151409236155 0.1844891058051153
1 0.49716025938843456 0.07707335445435294 0.21863764478285203 0.07847720798203357
1 0.26716970731829554 0.30475195426901847 0.10050205788627257 0.17471231252120453
1 0.2286672471742811 0.4350222968272899 0.11691808871594551 0.1455704495445131
1 0.3565182817463607 0.5406324013664608 0.3350210411807953 0.09764884863353913
1 0.2046337845431641 0.5891021616180799 0.11158606558310538 0.06895338584218216
1 0.16056215161876453 0.6569543497298476 0.06557345450090522 0.11123016587924894
1 0.3327974996831381 0.6438491706037545 0.1693895522938333 0.16590279691210785
1 0.3570801429963316 0.7831472835804459 0.06521093779659555 0.10341766587924912
1 0.840739643087008 0.7612747065464532 0.05976713207297512 0.06268353847458741
1 0.5972136334801328 0.6396527108076224 0.05675521584771721 0.03606647477225646
1 0.5369902883055739 0.8394369451985257 0.07527384356238628 0.052237111795565026