1 0.19350323817418297 0.6102129297524694 0.02863433596955516 0.02338598513999999
1 0.22696965418179413 0.6060474243487041 0.03507533695813834 0.03197793245506186
1 0.24246732018940537 0.6011384037474695 0.021140170950527094 0.03695160655172837
1 0.261775735702725 0.5922243502181486 0.027899506920082206 0.059432442755679125
1 0.30302281821223903 0.5869932234026548 0.061348676882026075 0.08856794393753091
1 0.35887357018940536 0.605955089157161 0.05946784190105418 0.07461440155321004
1 0.4173081526989194 0.6014351507914204 0.061412343878220456 0.09134572171530869
1 0.4762839046760858 0.6205263235367908 0.0596588428896375 0.08294773488654338
1 0.5320709896570577 0.6367104115135193 0.05490767589344294 0.07997599662246921
1 0.5677047421285157 0.658998448494075 0.024265170950527094 0.03708091354259264
1 0.5900108236494465 0.6446581464000626 0.03979201186299797 0.1015516838903704
1 0.6184223251323212 0.6583219093178404 0.025283842889637496 0.08152535798703708
1 0.6464199911399324 0.6539301166800626 0.05637201680591399 0.14386488551135826
1 0.6898980771094877 0.6779303100266677 0.04974001482874755 0.12693960486296305
1 0.7309714046760858 0.6310648432922232 0.05266869665368965 0.25471738264074084
1 0.769125320683697 0.6270932983747542 0.043617348821136305 0.1322365464367901
1 0.7657085020143474 0.7504457955041368 0.04626750494291585 0.04354161803419743
1 0.8169672544858052 0.7733803674390136 0.05258117193911005 0.04657800979370374
1 0.7993685776037792 0.6866227213735815 0.03427684091247105 0.0652466122929629
1 0.8236019150562089 0.7223147460272852 0.0424713428896375 0.08223654643679007
1 0.8581825034972222 0.766760351734631 0.029716674904859984 0.07060820736222222
1 0.888506673459166 0.7957665459256186 0.03271434091247087 0.06518195879753093
1 0.916327925930624 0.8177313154290137 0.03239600593149916 0.05129306990864203