1 0.8325480755476782 0.03610242441545644 0.07865384890464355 0.07220484883091288
1 0.7744567792294598 0.10976862361122769 0.05667120031656907 0.1665779255477567
1 0.7398150062682062 0.05064670171308349 0.04579588479802066 0.09651523728109002
1 0.6801408264056081 0.24795382998289797 0.0770746285298145 0.17144595590425185
1 0.6358368969387216 0.2387854258880425 0.05956887978345584 0.15610551649217763
1 0.6073421724072576 0.3294739658289399 0.0835064849563052 0.18009944646116985
1 0.5629556749145401 0.36045009105928993 0.04998327962517113 0.07340704653070247
1 0.501608997954936 0.38139667684336326 0.04754024122451135 0.10502110463490726
1 0.4527252170761235 0.43997996517284416 0.06187552586424747 0.11814896367338505
1 0.4143052262473236 0.3387223683805492 0.08563127461060613 0.133686234022927
1 0.3734325221698308 0.46043535744970593 0.08174540815498563 0.24342597813831346
1 0.32870870704699373 0.32557255698426085 0.05641513605166191 0.08206053708762047