1 0.6446602578893663 0.4046041593149396 0.0556349303072194 0.11149504432280002
1 0.5238418156012473 0.5251194612622065 0.23514387023308564 0.24938774353404317
1 0.3930208907363236 0.6191511897162651 0.054761911069925694 0.07384798549927034
1 0.33267366777816565 0.6146070833309234 0.06402778366526399 0.06971735318253275
1 0.301401331210344 0.44687313123063443 0.10067461179556511 0.10251071361543033
1 0.21813496342432917 0.466120091112272 0.06942461179556511 0.10059321349475206
1 0.25926590571244806 0.3504944144727344 0.06248513103285873 0.13776089728811203
1 0.398767371414212 0.09098980361746335 0.1036557680561673 0.16378305920969946
1 0.44222470553496285 0.022457850332109536 0.08595734736759475 0.04491570066421907
1 0.3710813702330856 0.21285936623512453 0.041135920688572546 0.09180863985673006
1 0.49268853012188496 0.3962569760766991 0.059613102176918176 0.08119443404678403
1 0.5644544027172232 0.38714084344619826 0.05621528366526398 0.06923797815236318