1 0.20973660318593437 0.503833841494361 0.02979881596343468 0.059779977355661304
1 0.2552139230783105 0.4692249457239656 0.021331344499482086 0.03647927139504325
1 0.3100662429706867 0.4343475104931361 0.030162688998963995 0.07260049017617412
1 0.4249613428468521 0.5117599980069404 0.02943494292790554 0.04695946453514848
1 0.46260689206106387 0.5055576350369989 0.03866439371369381 0.04209979886737756
1 0.5873885682397463 0.5096694165901848 0.03598034946188058 0.16756179820144715
1 0.6462348753118409 0.5541001345395788 0.09208480024766903 0.16404482983584667
1 0.691065724154549 0.7898026546866783 0.05069351282028158 0.08087463336608916
1 0.7643212876367844 0.7941093519902009 0.03434076674922295 0.05478604195767298
1 0.8019282954946674 0.8442724888537767 0.050547963606069855 0.07574642823788404
1 0.8514188732449263 0.8607889963468459 0.052547111248705036 0.09117580019923836