1 0.022971906628854462 0.5909774007726023 0.031251306420763944 0.11434149475109166
1 0.08672658852458368 0.6810159136330167 0.05276263050895837 0.08831743323936453
1 0.04417606582316007 0.7122857323377781 0.05512521751493062 0.14654927465065826
1 0.1500078385245837 0.6797691936184719 0.09949346656500006 0.1923847495108022
1 0.16350533444052112 0.5246994567542104 0.03550239532659729 0.08268781263576683
1 0.22464416261277811 0.651836573072133 0.08866506933854179 0.20010577497566046
1 0.31879355290538225 0.622196411075097 0.14189917211208342 0.20908891206018132
1 0.22051840064493083 0.522253118257857 0.06838763050895835 0.08862526534172126
1 0.28635964656086826 0.3661521438507004 0.05606946846486114 0.10160651288734913
1 0.4362167890376739 0.5801897390197641 0.12463893692972228 0.20345929145658345
1 0.44257393218006963 0.41732201866505514 0.08503092306201392 0.16300717151815206
1 0.3880500863403821 0.4303041929280656 0.06540810087368057 0.09914570950326046
1 0.5416309876509031 0.574143618360602 0.1120662017473613 0.19792202048369298
1 0.6093451645126391 0.5542860301968318 0.0644274823325695 0.1414429686210671
1 0.6590912445847572 0.5916761474341964 0.05145470364722229 0.10680516854764736
1 0.7951553779435072 0.5413635689195273 0.12213087955902786 0.13464543946327914
1 0.9133059658994099 0.5522669497742472 0.10825021751493083 0.14759590379867132
1 0.9484375 0.4973544973544973 0.1 0.1693121693121693
1 0.7044946635627086 0.5973971909511185 0.044550087005972294 0.05906298808765714
1 0.5203755431217365 0.7333355252442959 0.03368532218833344 0.06413851090701278
1 0.08040646618375044 0.903422835116653 0.07405574905006947 0.04642035585462152
1 0.15480640092927125 0.858294447374547 0.022311411094166723 0.03217699668933107
1 0.23204104815572962 0.8488341705313732 0.03826371941479163 0.05629435260121175
1 0.6878715144363893 0.6956347957524266 0.044513719414791805 0.0564174854421545
1 0.5386534176467712 0.7554682908133581 0.02409211664125017 0.04808079577258278