1 0.1777581761334428 0.7565718237516829 0.06644320616851021 0.08401208014461127
1 0.2970615551922802 0.6525496768198953 0.05566934740221221 0.10056562234273182
1 0.32866611119863465 0.6883375751637312 0.04418637662320544 0.04489694231862984
1 0.3372092682606493 0.6035183891113263 0.02557274431795715 0.05859190354715354
1 0.3693223388775003 0.6115204293582025 0.033248876623205435 0.04478381785008341
1 0.37348018465815475 0.2392174039441614 0.044568206168510205 0.08378583120751873
1 0.6110910531636854 0.4867852278704148 0.03842730032431163 0.09483229976517484
1 0.4800165568171333 0.26728514720209207 0.06474433847375849 0.07010703061735879
1 0.4017275101429744 0.8084275191323312 0.023873876623205524 0.0446868540199009
1 0.46517240137667654 0.8244396799452656 0.10668637662320535 0.04554336785318027
1 0.2751826010523649 0.7319506727428364 0.020776150162155817 0.04743231052095117
1 0.29745306736714483 0.7720022015835215 0.03656479139585782 0.06426058357125536
1 0.3453411424482227 0.795120413224538 0.05210797077900686 0.05608885662155987
1 0.23330874675029384 0.7643314544231026 0.05854888555165925 0.07559794361945933
1 0.3564620543815013 0.4158002204934155 0.11375458279171564 0.12894134373996877
1 0.4662228380667214 0.37438311771099225 0.1358750446422688 0.15416759267706162