1 0.2780208178786821 0.17663623282983595 0.22713296279135697 0.2958894475213574
1 0.37774302096657425 0.3910745869943889 0.20649308057737184 0.2815173244019692
1 0.5162573947430389 0.517366789889137 0.0876488221398514 0.14165501609189385
1 0.41817950409153326 0.6675911327982966 0.07760418874473984 0.24657770668125678
1 0.512175040752022 0.658708336555645 0.13586806733052798 0.13315201996465476
1 0.21095977033360205 0.5716583497028356 0.05316469473518968 0.13638400399768855
1 0.7596353725105203 0.5040710102499844 0.05730655771188111 0.11310107913882704
1 0.7251661471901096 0.27323755379329817 0.08307044954451293 0.1462463521657087
1 0.6801884638876653 0.32504641010840474 0.045277783665263985 0.06618179789050094
1 0.7146775696927806 0.11995548724838752 0.0956448606144388 0.21653011939534328
1 0.6324875407520221 0.6608017386984476 0.04883929328391083 0.08492776075717892
1 0.49727676016680106 0.29264632533593415 0.0879563569862416 0.08794388537570012