1 0.23203125 0.5971998022004095 0.0328125 0.06504245221408353
1 0.27109375 0.5473629390639853 0.0234375 0.04169698967672625
1 0.3203125 0.4959531068967061 0.0328125 0.07786296503459635
1 0.44453125 0.5321385487895438 0.03125 0.05217718281683177
1 0.48125 0.5131380512874589 0.0390625 0.049836863136424187
1 0.60390625 0.47372722411601004 0.0453125 0.17052870995620073
1 0.66875 0.4975108518223664 0.1 0.17978749783437414
1 0.7484375 0.7080487792291892 0.0546875 0.09131006992945517
1 0.82109375 0.6880188804621068 0.0359375 0.06000376023935657
1 0.86640625 0.7239004269161624 0.053125 0.0861371082245114
1 0.9171875 0.7224458381721443 0.05625 0.10161123676260465