1 0.7783756452845456 0.46120829577758576 0.01964133794672147 0.03366579200387862
1 0.7873659847141419 0.5053944392712654 0.03026050296574958 0.021954964323601545
1 0.6947646492388783 0.4882836603315606 0.04177100593149916 0.04357746997665767
1 0.5890412312541008 0.47688977078593386 0.02088550296574958 0.021788734988328836
1 0.5605660627750316 0.46329584468487783 0.031950336958138335 0.026744573974718293
1 0.5336043147521979 0.47709672340938036 0.03207767095052709 0.03150647873662305
1 0.5297789777940596 0.45085083744047993 0.016261669961943958 0.02408657270164486
1 0.5715645711779885 0.5241763597344363 0.02094916996194378 0.024169687369281215
1 0.5563361606075847 0.5679330774453282 0.037656508897248565 0.06492292673759274
1 0.5533093196951138 0.5131434677942114 0.018269838935304605 0.04078094425752365
1 0.5296144931170989 0.5615097133763415 0.019450336958138338 0.026522934861021343
1 0.5130809091247099 0.5564569072777095 0.021331171939110403 0.0384554016549955
1 0.4887175790866539 0.5798231528598397 0.03064250494291585 0.036240678609315694
1 0.4803930845238614 0.6189426378102812 0.024838173916276674 0.05279652571913403
1 0.4208788216722802 0.5250742664968966 0.04078150889724856 0.06497833651601698
1 0.447849839961069 0.6576326969779354 0.029462006920082117 0.05049868800581787
1 0.4236456774134988 0.6869513235124464 0.021012836958138336 0.0265506397502336
1 0.4173174229648745 0.6547114992573467 0.019386669961943957 0.024141982480069234
1 0.3923638439154016 0.685206749537728 0.02308467292769336 0.045625963687064626
1 0.37308726190017916 0.6943842479463862 0.022893671939110228 0.03848310654420749
1 0.3357835800752372 0.5842509308599104 0.014762836958138337 0.026439820193385123
1 0.7020744249420409 0.6740395033796645 0.016261669961943958 0.024086572701644725