1 0.08815003254888265 0.8725774071952336 0.0538545118629981 0.07965560761179116
1 0.133063284526049 0.857859163003859 0.04502333992388783 0.04485930342818621
1 0.1879417855146322 0.8491988268220745 0.08545733893530469 0.04002422311396518
1 0.14784070893661722 0.8066795838227656 0.052355678859192525 0.08174807091300121
1 0.13896972771969754 0.6843364291372228 0.04766817885919248 0.08155994357525204
1 0.2633303991645162 0.6481324092431652 0.11274935079830276 0.1186137758118451
1 0.03251938684440757 0.4348233314222367 0.06503877368881514 0.09561974208450495
1 0.12908934482962264 0.4640897024055513 0.0836693458553869 0.08515742557845449
1 0.22583966943047126 0.517251097278339 0.04715884288963732 0.0643185642649072
1 0.21521784581820583 0.45417518397210654 0.05408000494291585 0.034459696034718795
1 0.2659380874152489 0.5070313252522999 0.02809050790866543 0.052790192844945606
1 0.8048573018634355 0.17327293608665997 0.12218801779449713 0.12114520290113623
1 0.6979533858558243 0.17325816547100986 0.0998036818249421 0.10302589601462928
1 0.46894372920257227 0.6614065305201391 0.040081171939110406 0.03605048643526487
1 0.1869350424347144 0.8040342698012938 0.04259867688202616 0.06844078175474423