1 0.10293648552708859 0.5195057969789503 0.04426373035529285 0.10436211076804196
1 0.35613210608141854 0.5659719312433918 0.09157537799792799 0.11753447924122135
1 0.4168320115819365 0.5959711513928293 0.06174232878371626 0.11292641904223268
1 0.48303705438600747 0.625017521308121 0.0952825748547749 0.13418027199420512
1 0.5788568225829724 0.6565972626257212 0.13053087014004525 0.15960764372930858
1 0.5896359648489241 0.5498594249506401 0.11065070967712849 0.08257860516466141
1 0.7351689427230177 0.5012505388907972 0.125950377997928 0.11806558541615882
1 0.6937540765119139 0.6791305986354977 0.14488877667402048 0.2572870055016811
1 0.7769796453708327 0.7800554969083902 0.07238873035529281 0.10479665218389984
1 0.6576987983901514 0.8602071857394133 0.12478598428423435 0.08487056466927109
1 0.5424376714256807 0.8480472937130394 0.05047518899896399 0.05883966318992036
1 0.1870418118296055 0.4616445787364751 0.07493153349844599 0.08824742418999565
1 0.6140773467757936 0.4547496463652306 0.047131865177646406 0.05256731442033907
1 0.7615024644346394 0.3521988515916948 0.03924659057054054 0.05037191967480922