1 0.28111322686479145 0.5144983095024377 0.06339211850553061 0.2463102273008165
1 0.21470302272487615 0.5949068830544814 0.03505683847375849 0.06929766113850633
1 0.3426643814911741 0.5722421362556752 0.0747466298696163 0.13342583872218985
1 0.37168367978689076 0.5045317483191027 0.04810230925276535 0.12398084012744724
1 0.5108552739426921 0.5083435442292976 0.030096603084255234 0.04203471226089671
1 0.5409518770269472 0.5473899130494818 0.043442082791715644 0.12644762097956735
1 0.552692172076253 0.3940187651034619 0.04777502678536116 0.09154840769501481
1 0.5649506643656153 0.2919989685087933 0.06024775324641087 0.08947482992719898
1 0.5921540925309483 0.35417559153567224 0.04492276217486459 0.11841815348832001
1 0.6363325608743231 0.5493495921777265 0.04791139448011279 0.10506192120852832
1 0.7899388019458694 0.5118737616872028 0.05292617694751698 0.1377302754915432
1 0.40896153733537277 0.5580890992282781 0.04922843262955982 0.08081623750106492