1 0.8479973165977304 0.9557894459090003 0.06126476400381797 0.053783083361606206
1 0.7950904926002759 0.9191580399014463 0.04407726400381797 0.05271605984935819
1 0.8397944652689574 0.8955337119306542 0.050345445337363515 0.05588184617704428
1 0.8110716706317744 0.5074825580700015 0.02518181333545435 0.029329811977411028
1 0.751758663271821 0.8525530911631992 0.03364884134309047 0.12981482266479627
1 0.7328092159452753 0.7624516755558469 0.028688621339908772 0.08785714958569821
1 0.7149950072804115 0.7377250398637497 0.014262494668999893 0.0314285747928491
1 0.7003785239497295 0.7020812973354951 0.026944308004454243 0.059982369670443667
1 0.6787216999522749 0.6673899340774827 0.03481135200509069 0.06880071369116239
1 0.5317932506365468 0.42761917546160483 0.03146817600254544 0.0352733760828749
1 0.4402415499681833 0.444166772641418 0.03315794533736351 0.05481482266479642
1 0.25275973130172874 0.42974873836639094 0.08323067067154524 0.06903000217517388
1 0.1865443853039559 0.39645948085694854 0.05192612667090888 0.05875662609229914
1 0.13433699530554674 0.37237657591813317 0.05494203866963625 0.04228396370058647
1 0.7277586366168205 0.6982232791857884 0.033048857336090795 0.038148155998129596