1 0.21520105104645484 0.7573620063447117 0.058233712444888244 0.04560339149054773
1 0.6488190270836701 0.6176621394474443 0.12386916632493795 0.1006181444174139
1 0.7746702699310735 0.5912400191323313 0.09952975904486189 0.061437469749379046
1 0.710243035439486 0.7438882961614984 0.12579698739712855 0.1053147347764936
1 0.6215457844571993 0.692008154474559 0.08128335783495912 0.04572156615858276
1 0.52717358115889 0.8120030127876194 0.11803411263276588 0.08496587334017498
1 0.5978960268349091 0.7639922387835144 0.0904065584399107 0.0535795179539809
1 0.6282984881592157 0.8364803171405415 0.09377891282890699 0.10202610831306061
1 0.701812149466995 0.8650047720591975 0.09701546926608585 0.09266928903121965
1 0.8866030629173809 0.7984434650739969 0.09462333391349344 0.07391019867214013
1 0.8130378111340015 0.7714815101553408 0.09395265773069085 0.05359769867214013
1 0.463737544254666 0.7467143560735654 0.08493263807693975 0.04886474687674216
1 0.5124774360279098 0.6933484615579555 0.1062092338216206 0.048973831185697494
1 0.4014228542880125 0.754845018641352 0.05107094991274475 0.09712043969514958