2 0.49921875 0.33726154107121314 0.9984375 0.6745230821424263
2 0.38674308624666653 0.641779042790838 0.7734861724933331 0.21348261041634467
1 0.7909275924212149 0.6000544238950395 0.034194468464861315 0.10687063053897654
2 0.8979224748300345 0.6061705017434599 0.1897547906531944 0.1785365119537218
1 0.3449955369503816 0.7533768794950011 0.0715853656913195 0.09968099699657333
1 0.49941028001652743 0.779081758124231 0.11391833605604162 0.11213583474883462
1 0.821122279066597 0.7417196852628068 0.020785278685347207 0.03684377672442024
1 0.35209886892236075 0.8079375349953941 0.11217399810013892 0.09815963679638842
1 0.42780738373999966 0.815866701148649 0.04044446846486114 0.10706511594207642
1 0.27657153885024266 0.845993682303042 0.04091594072944442 0.02354827768282345
1 0.804134147607708 0.7857774062050177 0.04124324905006951 0.04861791556583181
1 0.23916180461781206 0.8977758716461809 0.027071646276527785 0.039823777447854376