1 0.5231058219592908 0.2779185517699273 0.1022945541766104 0.11384125289947537
1 0.42418247849326607 0.37910957190176003 0.07209763192686935 0.09854234396745704
1 0.6157728190638065 0.4269617318668155 0.0311815334984459 0.08942679864924472
1 0.6548160483856422 0.40302800440185443 0.035141287427387445 0.06831431593824316
1 0.5262030508668415 0.45911192487784713 0.032598484284234175 0.08521416316930634
1 0.48943079693790015 0.48089002929152946 0.027765435070022625 0.08090291706674857
1 0.4549295184018528 0.5005125106539328 0.0260573858558109 0.07664097627550061
1 0.6358199534718754 0.5782105824855522 0.02358735731976367 0.0956594675743604
1 0.6525066474332382 0.7454108952519005 0.03161818114108108 0.10213866305602437
1 0.5054989067388631 0.6300818674816067 0.026348484284234353 0.08511555254668705
1 0.5461046360606987 0.6061234873609905 0.029327935070022626 0.0809275697224033
1 0.675644432793711 0.5542645286927637 0.024785984284234175 0.08509089989103208