1 0.5501956159293668 0.6894351095568748 0.0803965720082724 0.0818681444174139
1 0.4798376625955033 0.6951888644349853 0.07420111600890866 0.08806966250232288
1 0.4167745885980486 0.6706797438252845 0.04596702800763595 0.07535149388441198
1 0.3149575499284124 0.7006342416121848 0.05692270934118149 0.0775196705691549
1 0.27933022728359325 0.48634179976939923 0.05537839067472685 0.07959088342371554
1 0.44767169462127476 0.4423305149679873 0.04631247334499946 0.1149348272177452
1 0.3978080546228656 0.4270933702887177 0.05661362667090888 0.04210300390248835
1 0.16248017663909217 0.26955462282280046 0.06349997334499946 0.11506815248424627
1 0.42576252132400044 0.08835777596168581 0.056831802673454314 0.06710300390248831
1 0.35199775732018246 0.12642743846400853 0.041134077339272504 0.058648465781426753
1 0.3700205039783646 0.20961532605206798 0.04456816000954493 0.09408937340563904
1 0.6401426473185916 0.13981621013042256 0.040861357336090795 0.02739846578142675
1 0.6075205039783647 0.2077730132785988 0.020857940006363408 0.06265756622404671
1 0.6578750399825009 0.16676015795786844 0.020476132001908988 0.01890756622404671
1 0.6867267459818645 0.1727859291005712 0.01911362667090888 0.041812112411940563
1 0.6419018579328667 0.6543510615486646 0.04267839600572696 0.05657725292686635
1 0.36816436592936685 0.6908471453339087 0.056649989337999786 0.04626967056915513
1 0.5670660372772298 0.5466055714358132 0.04249658267027243 0.03574391959353302
1 0.4761581319223672 0.7587547720591975 0.022238626670908878 0.04183635336948631