1 0.01802274665818221 0.30355698896456457 0.03604549331636442 0.2467536175687688
1 0.36634042596277444 0.40766801486731774 0.02850680800445433 0.048240888852252244
1 0.34644554929186555 0.4520577879991996 0.033139764003817976 0.0416413973546546
1 0.3745160052912292 0.4597581363109114 0.018986357336090796 0.029908340315915997
1 0.3484438539545021 0.494929213421572 0.03319430800445433 0.04839815411141149
1 0.3780404472867749 0.5071864879908413 0.025418170671545236 0.052640549850650586
1 0.43983246996341074 0.4033750805040546 0.04578521467218159 0.06007878939709714
1 0.4408677112905929 0.468742817572423 0.01775112133990877 0.07039645910340346
1 0.5227176952975926 0.3971444244068575 0.10570565467854501 0.1296383835806809
1 0.5084182906190476 0.5228249656320326 0.06201019867918127 0.13492733125195214
1 0.6034858899586383 0.459555040250301 0.05552384134309048 0.10543836496046054
1 0.6622699966184113 0.5347452650645154 0.08652039735836255 0.26859654043063075
1 0.717293851289002 0.4949133597547056 0.04729426535645338 0.24701572633403407
1 0.765440449952275 0.5325744701353863 0.06262836401972649 0.21150390782852874
1 0.8069921506206384 0.5159456285732742 0.036737478675999566 0.10030479941931933