1 0.8812535890382961 0.5140625 0.09805851721668211 0.053125
1 0.798457159176013 0.5328125 0.09436227372261782 0.0296875
1 0.6191019014833494 0.56875 0.15807741849497725 0.046875
1 0.33882315559476495 0.615625 0.07002357863159821 0.0375
1 0.27370740924834186 0.63125 0.07518419153083716 0.0296875
1 0.2456940463821009 0.3140625 0.07136270308493163 0.0703125
1 0.33785747528657584 0.3234375 0.13564946762691024 0.034375
1 0.4088979031503809 0.28515625 0.08627063130264834 0.0328125
1 0.46869361701978735 0.2734375 0.0861430956404262 0.0296875
1 0.7641991302816441 0.196875 0.08404104792413992 0.0453125
1 0.8140846731892238 0.11015625 0.07888272573528186 0.1203125
1 0.4409103136935771 0.16328125 0.07773261406490099 0.025
1 0.35056312262057865 0.16484375 0.07792391755823443 0.0296875
1 0.2161252437847795 0.16015625 0.10685160577887373 0.0671875
1 0.13727898338581457 0.175 0.06753892392864541 0.04375
1 0.13450508273248113 0.10703125 0.08646193479598177 0.0375
1 0.10955944789071548 0.06640625 0.04288138968207007 0.04375
1 0.19162369305041105 0.06328125 0.054796811258325785 0.0671875
1 0.21118552758404885 0.10625 0.04995274680426182 0.015625
1 0.28927001007525144 0.1734375 0.058299460548675894 0.01875