1 0.2618010271488562 0.3957477717042559 0.08794035178688589 0.13773023809779866
1 0.29680076825160767 0.4587052354276886 0.10799818380210838 0.129065791607609
1 0.25925700589431805 0.5499843816845466 0.11373884783255317 0.11020547608836043
1 0.3607412514456937 0.5777215698433437 0.11405718281352514 0.12216719857639871
1 0.46625908098945823 0.6005000437184177 0.03842051285158128 0.09490246806097101
1 0.5102000819780415 0.5913739269943065 0.05608817391627667 0.055067932986478614
1 0.46609459631249744 0.489395244810468 0.05248301285158128 0.09552895909959928
1 0.5242917568829012 0.53100843363089 0.0859666749048598 0.06356755867196134
1 0.5661317469970694 0.6008296853278315 0.060839340912470875 0.05766910783029561
1 0.43210691547613855 0.5936582605156601 0.057425180836358794 0.10530716743623939
1 0.44532715707318166 0.6540017491083255 0.03513900395433254 0.03023955651016124