1 0.7630032707272245 0.7150645792259671 0.03846361067790856 0.12815830233347103
1 0.7240680400620426 0.7300349236031439 0.047620434675363296 0.0999353480839033
1 0.6810992900620426 0.7281252141125493 0.056759077339272504 0.06932575898946683
1 0.6431362133990879 0.7681899463515859 0.0616829346753633 0.1005603439171888
1 0.6018663234006787 0.7842494421789827 0.07298406134627218 0.14877914868489653
1 0.5619407573997243 0.7717387638494312 0.030323846674090583 0.08485165521845293
1 0.5027475707351787 0.792966241002024 0.02845226400381797 0.04420941887420822
1 0.40011346674090564 0.8528220790360524 0.1208215773392725 0.07217296222998966
1 0.3856237054025877 0.7961111643483517 0.056759077339272504 0.06932575898946655
1 0.32246063407063313 0.8088118095902135 0.05347044533736343 0.04770715742269603
1 0.3235691480744511 0.8518059587885888 0.036355670671545146 0.056489813005933025
1 0.25360209341181456 0.8940270416746671 0.034720445337363424 0.04687382964498186
1 0.21946345074790533 0.923525527065485 0.04264203333863605 0.06154085862157486
1 0.2050100520766783 0.8715878820675216 0.03324885200509069 0.05873755988784931
1 0.16989016474376917 0.8747986621740451 0.026944308004454333 0.05129987942733847
1 0.1282475574076784 0.8419321436816329 0.07285679201145401 0.1320727047708154
1 0.3957986840785873 0.9015397614114331 0.02369203866963616 0.03445454755030487