1 0.5619606631510946 0.44106091838182443 0.02883411201270878 0.0728040248956764
1 0.5391953189952933 0.4526407038687737 0.020830697240056394 0.05319796859749475
1 0.5199816688331375 0.5002507945399653 0.0772170649348082 0.06825046283329199
1 0.49370949513203133 0.5507841136572985 0.06776024431795716 0.059723195275473984
1 0.4953986801972231 0.617402296767844 0.07743525324641087 0.09047268505551437
1 0.41562540544045684 0.5482335655280047 0.017732970779006863 0.055911101633777584
1 0.39912369805413067 0.5582951726430753 0.014498876623205348 0.04473534578117153
1 0.39201458157719493 0.645924462126065 0.01913182954530477 0.03927675733785839
1 0.381626506496117 0.6697456686470347 0.03311250892845372 0.031234325341252145
1 0.38971569602553574 0.7209567844968124 0.020857970779006772 0.05597574637527253
1 0.4290117954563429 0.45769720878424724 0.020503414772652384 0.019864635264161417