1 0.5567684091722249 0.6927607289035186 0.05364515779487618 0.1118278566440196
1 0.6241111291471235 0.6805801411584398 0.018906806912916164 0.032644579948332746
1 0.659963748298814 0.7168534824244538 0.03139905497327155 0.025792010664081252
1 0.8003768726301471 0.6287344470835733 0.02672242846250752 0.030391886558668733
1 0.510074980744536 0.6273905783366307 0.04249934492158957 0.06300946961692745
1 0.46545583260741247 0.6316462438827741 0.06324423461123288 0.16527311645577325
1 0.3709223197388292 0.5937066181204474 0.16643957373782206 0.1429621576797245
1 0.37149590859343046 0.44753492438494863 0.07121463410571696 0.20246357851854516
1 0.3360433694854643 0.5087161281651191 0.04894121752913125 0.10946717569405952
1 0.25993061162463005 0.1635003913306823 0.07405317783975367 0.12824463573344524
1 0.2616634699779329 0.320133168000558 0.09789153964325625 0.22125453700296796
1 0.2876484270559533 0.4781352633759321 0.050533476511029386 0.11644123098364396
1 0.2217295312405698 0.5262922265962102 0.12263021196913801 0.14490438683353718