1 0.9089345785923623 0.6809883960675456 0.04183467292769336 0.05361815941721172
1 0.9368685776037792 0.6732368654076666 0.01584517589344294 0.07806867911450487
1 0.9225779259306239 0.7992702082183333 0.06568334980971961 0.14018178371878712
1 0.9286170203031361 0.8924065697007576 0.06208350593149916 0.05126057245915092
1 0.8664552599230128 0.8036621584269805 0.027257519771663397 0.16715150222787858
1 0.844976849352609 0.8545823729400313 0.029716674904859984 0.07002624711789862
1 0.7330326062726913 0.910572334394174 0.027326503954332716 0.03388281363604019
1 0.61953125 0.9625 0.3140625 0.06944444444444445
1 0.6315191858164557 0.8765430970365186 0.07234984387822045 0.09034339557252465
1 0.24140625 0.9305555555555556 0.0421875 0.13333333333333333
1 0.175 0.9333333333333333 0.090625 0.12777777777777777
1 0.6499481922422464 0.9310653097814071 0.025700336958138337 0.031072713487514787
1 0.5776739442194128 0.9462289862083171 0.051209672927693364 0.05381209364169624