1 0.18140837273231517 0.852448703986111 0.0708215773392725 0.08068718507222204
1 0.17633906472786082 0.7943093311390739 0.02372840133672711 0.04541424687592597
1 0.242154968730088 0.8207605509975922 0.05503294533736343 0.05504065011790134
1 0.27205100672340643 0.7319998078366663 0.03978975334181776 0.11272744849691366
1 0.29257204471672493 0.6436269856483329 0.033212489337999786 0.06246883451518512
1 0.3164726213796797 0.5940137453580243 0.0301965773392725 0.07900619419098784
1 0.341299898710998 0.5665904005422218 0.0301965773392725 0.07900619419098767
1 0.2592408293682257 0.44634127119357986 0.017460220003181703 0.04237785511641982
1 0.48108801002545337 0.31351703698339434 0.0314863573360908 0.037404181019753145
1 0.7592584633593169 0.3089531592409248 0.07376476400381797 0.05303871428530876
1 0.8160988093570898 0.27742663999098643 0.061228401336727245 0.04696593076629638
1 0.8737113146880899 0.24447890510444314 0.0643352200031817 0.04431745997938279