1 0.4292766225660157 0.3029036897443046 0.05117276217486459 0.12203084695453473
1 0.47458912256601565 0.30524761701907394 0.049637535713814886 0.12472779965387219
1 0.515685681008002 0.4185410052480737 0.03417617694751698 0.14058621553613573
1 0.5406311339301014 0.42538976205867446 0.030587526785361162 0.09320234315703273
1 0.5002419131510946 0.47888427811400175 0.02129434740221221 0.10105072601972406
1 0.4241412889635211 0.6667117535547531 0.04273297077900686 0.057737832673444386
1 0.42911911526241503 0.7169946413292944 0.03780000892845372 0.03249535743812323
1 0.3983367195644861 0.7473629967441525 0.02217500892845372 0.03168710665372032
1 0.4168139841749827 0.7761106754632141 0.03012387662320535 0.045980120934810506
1 0.433142367698047 0.8644997513260576 0.025545470779006863 0.05684875681060046
1 0.4630247366106147 0.925798062577866 0.044568206168510115 0.08559643552966223