1 0.6393010467059073 0.5073115090748366 0.017514764003817972 0.05017776702200144
1 0.5629021787078162 0.5331033803546611 0.007994313335454351 0.0278585809695967
1 0.11331925469445325 0.3627414835650616 0.014298857336090797 0.03625655685638504
1 0.18539424936345317 0.3925536497558839 0.012609088001272672 0.01679595177357669
1 0.1856487880330894 0.43144253864477283 0.00799431333545444 0.0278585809695967
1 0.9581248667249973 0.7540308994869924 0.017442038669636162 0.03906665591089033
1 0.887757822724361 0.7464247948800284 0.017478401336727244 0.044622211466445884
1 0.8755669053946334 0.7937763022091606 0.036210220003181345 0.04203836134903314
1 0.8522203120623608 0.807907600673506 0.01587953866963616 0.039050495272526735
1 0.8351600813971789 0.8275298121399519 0.036246582670272434 0.047593916904588696
1 0.8035464547262701 0.7722974693516717 0.020476132001908808 0.025210088298728946
1 0.778873718730088 0.8225560395654921 0.022129538669636163 0.03911513782598174
1 0.7569441747294516 0.8144489551692513 0.01894999466899989 0.030749483215920588
1 0.8099964493952699 0.8027883823537723 0.02668976933481808 0.0197191752966284