1 0.33359375 0.3990031393407139 0.01875 0.026190328923221085
1 0.35234375 0.3821586048100162 0.0109375 0.01664062022078861
1 0.371875 0.36412545454926215 0.0171875 0.019140200266846687
1 0.3171875 0.42863696686815844 0.015625 0.02610876319925747
1 0.30078125 0.4629436915918647 0.0171875 0.04016823765002426
1 0.3140625 0.48712974754539323 0.0125 0.016681403082770354
1 0.35078125 0.5013582661766709 0.053125 0.020078206092428608
1 0.40625 0.498742250277251 0.040625 0.029097737589097238
1 0.45 0.499936778739891 0.0328125 0.02188447748479574
1 0.478125 0.4910251171307603 0.021875 0.0262718946471847
1 0.68203125 0.5078992153243762 0.0328125 0.026557374681057424
1 0.703125 0.48281593640724785 0.015625 0.019099417404864944
1 0.7484375 0.4909790278022985 0.021875 0.016926100254661337
1 0.7828125 0.4877453562405677 0.0359375 0.019629594610628517
1 0.88046875 0.4618319413853958 0.0453125 0.05258457215635114
1 0.8328125 0.5518608654048132 0.021875 0.0262718946471847
1 0.69921875 0.6534786412257537 0.028125 0.047463063478289505
1 0.72265625 0.6400164310063069 0.0203125 0.0682871865515581
1 0.76640625 0.5991548847025917 0.0546875 0.03881057773945708
1 0.8125 0.6049611360685206 0.0390625 0.017374711736461292
1 0.84375 0.616995946118604 0.0234375 0.014630434518512236
1 0.86875 0.6326985605138108 0.01875 0.01918098312882843
1 0.89296875 0.6449168934428122 0.025 0.01934411457675566
1 0.91796875 0.5776755826043742 0.025 0.03569925476367168
1 0.94140625 0.5899143069643666 0.0109375 0.023649966015181136