1 0.6459951214840985 0.5909613471708677 0.03228759391540193 0.016170513867708357
1 0.6016447386386136 0.6003370003812496 0.038647877315292616 0.017842116641249996
1 0.5607633255763028 0.5814967346136802 0.03088055892549411 0.02707164627652787
1 0.5972520327151394 0.6137091693592011 0.027917757804555365 0.012972778685347209
1 0.5583381971292453 0.6096944697960414 0.02184918055423283 0.015988675911805573
1 0.5411019411438327 0.6013916605254858 0.023839627843277186 0.014462543502986236
1 0.518429137898829 0.6064792040284719 0.030102675859978646 0.014571646276527872
1 0.49194416296314847 0.6006837989182289 0.02403409860965611 0.017587543502986237
1 0.4682275183820279 0.6057895262168053 0.03277377083134912 0.023983013867708357
1 0.4173938688744953 0.5949435984051387 0.03923128961442951 0.027217116641249994
1 0.3825581632498795 0.5892936636596178 0.04272600727657103 0.016352351823611146
1 0.17716163042648234 0.5631520037997222 0.030297146626357453 0.017696646276527873
1 0.14317529537160448 0.554358885258611 0.04093003075390548 0.02100348423243048