1 0.28498515752654663 0.4807538460270844 0.05480160580511537 0.24035433757738528
1 0.2152282182336526 0.5505482103104694 0.03255952885594056 0.06643767720208195
1 0.3442163137871489 0.5481144134735031 0.06958830290255769 0.12230046544393552
1 0.37577384863353924 0.4843007983572629 0.04297123920022674 0.11826087225459848
1 0.5147098630615095 0.5097735361975098 0.028888891832631814 0.039253368941333244
1 0.5429539141499686 0.5529919199970394 0.03995536660488845 0.12350899642628206
1 0.5602381286706061 0.4019695919778483 0.04544147477225664 0.08598572105588773
1 0.5769965535355299 0.3023772559268694 0.05783234736759475 0.08120944058536911
1 0.6009896142426359 0.36745318319860326 0.03973711179556503 0.11269818561547125
1 0.63789439191745 0.5685044329472281 0.044151793283910834 0.09942059395254033
1 0.7924727645127883 0.5553136064725981 0.04793155771188111 0.13201030761869445
1 0.41137653193598345 0.543381515597135 0.046785719962933035 0.07525355086193768