1 0.44178822903342585 0.4838140365255948 0.031160719962933216 0.07684304061206448
1 0.46463545199158374 0.49494278974123457 0.02291171034428636 0.05413580770245687
1 0.48584825308004287 0.54203715086177 0.07954365626060227 0.07707232909607613
1 0.5133656178708328 0.5922972983099913 0.06995040145127866 0.06537920516010255
1 0.5138938967267734 0.6589154639079196 0.07998016587924912 0.09929455131829835
1 0.5905183949126749 0.5873766818928844 0.01984127404661713 0.05671958120528049
1 0.6070883360196675 0.5967285376697271 0.016498019237293705 0.045414465819215225
1 0.6174281244942549 0.6861509383147399 0.01951389183263199 0.04005291453861383
1 0.6288021341129018 0.7090521754993017 0.03346726442797028 0.03537037822035182
1 0.6220263444571879 0.7613449425896941 0.02296627404661713 0.05691358548023465
1 0.5747098564380876 0.4976147737667018 0.022256945916316086 0.02080247436912354