1 0.7750190688837607 0.23848443004232017 0.03880173871722903 0.16051004175531394
1 0.7437486853393813 0.36931248396340366 0.05159124373179384 0.09002167614608345
1 0.5123455726446844 0.28424715567402536 0.14412573620994634 0.19891381226212557
1 0.6783018785963215 0.5751619141794427 0.04192673871722903 0.16059842183089984
1 0.5861000067304246 0.6168805944369092 0.08719377461060632 0.15934828735727524
1 0.3863871632360576 0.5517085036944384 0.15633623119538154 0.2701092184760432
1 0.20293948040395868 0.23370328127338943 0.3531323263391012 0.44520903632692677
1 0.24541282224897304 0.5236586723627834 0.13916545157021032 0.18359136873102513
1 0.2413437847062431 0.7502409508437962 0.06721624373179384 0.09046357652401305
1 0.12705997585161216 0.6722873437433199 0.07455738229073816 0.1513998303460709
1 0.0731202851019545 0.4985225086296999 0.06459134890464333 0.1182232977142498
1 0.01907660893377319 0.20055237547241195 0.03815321786754638 0.29983892816001373
1 0.3551502204413358 0.854776836425285 0.08610263605166191 0.09858879368638918
1 0.18775813196153376 0.8614409074447299 0.0540797462390763 0.054667018246985936
1 0.42642347835889466 0.7162148689742509 0.09846624373179384 0.09134737727987227
1 0.32558239238637504 0.7602221495934764 0.09515938730530316 0.08113241492580493
1 0.5191649078257813 0.7315024040710331 0.06680706677218975 0.06767876639743077