1 0.35898566761532147 0.35065943918584186 0.04231595941492108 0.1476712206732053
1 0.3786026923720878 0.40945293683045997 0.03998980032431163 0.08186154750538428
1 0.3678503786550956 0.5284893795932545 0.042043224025417734 0.12419704226944941
1 0.3598003250843732 0.6837468516072615 0.09415119480442442 0.17385052910801221
1 0.20213782954860005 0.6791153908529575 0.03343979139585782 0.0557120567120344
1 0.4451708092560606 0.5936395240191058 0.09249896590774291 0.3004471452136845
1 0.5046703145310664 0.37820617170349824 0.06904210064862326 0.16314927954963654
1 0.5659623705374208 0.3444927679237373 0.05928527110331831 0.12979358796055077
1 0.5716748080382447 0.5248340734461346 0.05278190097293454 0.2420597761120562
1 0.5210281513832671 0.7175161012729989 0.12290348620028232 0.22931666490813274
1 0.602254831984232 0.7824613116055887 0.07189436525911966 0.1398390484204897
1 0.49966344034349286 0.5403419499640228 0.03502956493480802 0.058141448189714694