1 0.628754471186044 0.22030611090053043 0.1251011858759707 0.14427138158466074
1 0.8058355738665572 0.6479534751563433 0.04607615909060954 0.0661237489777412
1 0.42709078531007316 0.36175051884465653 0.1090864480508353 0.24506012306841538
1 0.3830152771923983 0.18763872077089316 0.07680005357072242 0.15558510758433297
1 0.40676287419086876 0.564645107946004 0.15998647483619663 0.32296193188050587
1 0.28133045170757864 0.6680194800822223 0.16023984496658022 0.21029953241996818
1 0.1308395280064725 0.7089619409698945 0.1932898985373027 0.3655022474345671
1 0.06766696672181702 0.5522577519753357 0.13533393344363404 0.19371738188494364
1 0.4046219013832671 0.7489174084154875 0.03681025324641087 0.07543147907430031
1 0.3914264261400334 0.808667308325141 0.0431693474022123 0.0848757779457649
1 0.5596775941590966 0.7185792984419771 0.033248876623205345 0.037845479873309926
1 0.48615827354224556 0.7249796787210501 0.034975017856907445 0.05194364379305408
1 0.6405457646137919 0.7521533058367417 0.04607615909060954 0.0661237489777412
1 0.7697071590939049 0.6640712918566909 0.031768197240056396 0.044874076516946054
1 0.32276970373617353 0.5310437867962584 0.04319662094116259 0.08722319578614035