1 0.5104594956315969 0.4817811813839764 0.06853310087368066 0.10694886968929214
1 0.40395361607256913 0.6271692134838295 0.04625805737069442 0.07503528420905749
1 0.5982517427818055 0.3347793971560705 0.03368532218833344 0.0687037115536853
1 0.5160224306614583 0.17612862369094376 0.04004442496187508 0.07742505343692696
1 0.48862347606430545 0.24166654891694297 0.04778418977951393 0.07235450856875679
1 0.47038131592006927 0.3232891279847464 0.04920121941479163 0.06134039959512276
1 0.43331772701423593 0.2922838459508629 0.04931032218833344 0.06967373292845609
1 0.550580575038125 0.04917542295658299 0.0670797036472223 0.09835084591316598
1 0.4772158102204861 0.039761790376458876 0.04316942496187508 0.07761905771188109
1 0.6066837982526387 0.1677247219394955 0.05090918977951393 0.0725485128437109
1 0.5215100176674305 0.11472650616740142 0.06177395459715278 0.0676719722504949