1 0.9037201560909661 0.9237630208333216 0.06780754809323426 0.09910733023597361
1 0.8030753153467934 0.920419594283127 0.15714286660488846 0.11369355578562906
1 0.7260787949283734 0.8374061655212657 0.055709341377145095 0.18631634341272785
1 0.508792091207509 0.8129170695540792 0.40447422359113006 0.2103856365489627
1 0.6363367378494644 0.7656813998237006 0.08504961179556503 0.10200758744816432
1 0.544104597830931 0.7353616342841117 0.037901793283910835 0.08856804499598311
1 0.4777082715147284 0.7019080279384021 0.04324405771188111 0.11789253452100665
1 0.4156993448357061 0.6817090074934598 0.08408731252120454 0.1287291079714534
1 0.3493030185195035 0.64825540114775 0.06442957694917481 0.1573740815868625
1 0.3091765263240518 0.6967624002309749 0.051403787293461 0.20322056434999142
1 0.24330598966356298 0.7094950346032016 0.11001489546082902 0.1707711542946929
1 0.2227603658870983 0.5811783094789273 0.06991568511654282 0.12348070022363343
1 0.14888386706822468 0.7071982740877689 0.09658731252120449 0.1290688659262605
1 0.054898287208643023 0.672288381837799 0.10979657441728605 0.13474197111758918
1 0.021559997552929283 0.5734660252159518 0.043119995105858566 0.11827476222016454