1 0.5685861786089568 0.26472051304905675 0.04878449247815268 0.11763633778909034
1 0.5233191427155794 0.2684356395785108 0.0472674565847754 0.12038179319612073
1 0.48533942108710937 0.38314874892145984 0.033523205331134065 0.13953533630383802
1 0.45967183135366607 0.3906265124832373 0.029625315518548412 0.09224846934012085
1 0.501941899379497 0.4425477474362075 0.02034124373179367 0.09761009067119172
1 0.583135726576528 0.6284316288988347 0.04305131802583091 0.05365048178795904
1 0.5792665804957362 0.6785285960110771 0.03639214106622681 0.02852119230496931
1 0.6110166856685858 0.7084377041516834 0.02076714106622681 0.028197968597494752
1 0.5935253087881239 0.7379760780819459 0.03041492570596276 0.04505856948864625
1 0.5793324281467384 0.8257993017894203 0.025909282132453627 0.0560727134875151
1 0.5506678705457487 0.8889134268336221 0.04350595909205772 0.08142825956573682