1 0.38714707480426713 0.6612371034879969 0.04093466840110598 0.028725017856907443
1 0.45396457409566227 0.6403439508902091 0.10587876832283083 0.04842959172016936
1 0.5428911711407333 0.6361843307598255 0.06692523688048671 0.03848184740221221
1 0.0396393479709517 0.6975295649348082 0.04661950906357159 0.04755683847375849
1 0.5722508394573702 0.8100718441525061 0.0466087353046625 0.045994338473758486
1 0.7310486791043247 0.4764389581938098 0.046651830340299176 0.05224433847375849
1 0.78178606424934 0.5045327305149442 0.0578275840048653 0.061782979707460585
1 0.7452506243418429 0.2969423729664622 0.11726999716558052 0.08921823295387146
1 0.9355711884851258 0.3606890474783472 0.06145587139620472 0.05090002678536125
1 0.7079933425874311 0.1940395154179802 0.12454811946607791 0.0705773271096728
1 0.5258366491533362 0.6921888689092723 0.04276497273513929 0.02562729139585791