1 0.695238122047184 0.3293831946926438 0.12676588584218215 0.14858841603484213
1 0.7809425313878293 0.8267590370431825 0.04684028366526398 0.06770848314299752
1 0.47490826387981605 0.3525821864866579 0.11192462504240908 0.24877605145591325
1 0.46741816769334765 0.1646521534902329 0.07860120435383652 0.158208115857861
1 0.416609668959292 0.530601244868018 0.16372522721932725 0.32842653245035586
1 0.2767758426430894 0.5584915440664535 0.16266866950744613 0.21581877899551677
1 0.12512157340579572 0.5143416303927052 0.19751987386128267 0.3721144141240856
1 0.08880707277282354 0.328669120817847 0.15129465988879934 0.19656131609018893
1 0.37843260108060994 0.7012922782895203 0.03768353847458741 0.07668833720536605
1 0.35460572068072327 0.7506689157265716 0.044151793283910834 0.0863512200996241
1 0.5319221888295579 0.7572475840483357 0.0336855192372937 0.038993045992978544
1 0.4609003606992568 0.7236575223799478 0.03557540145127884 0.05314585591842112
1 0.6031721954529798 0.8342307243220775 0.04684028366526398 0.06770848314299752
1 0.7426067176854984 0.8227381985646764 0.03228671034428636 0.045966996630916246
1 0.34301591233587003 0.4535156502694927 0.04420635698624169 0.08869863793999981