1 0.549873720375265 0.4011363636363636 0.07579093262956 0.0659090909090909
1 0.1961099720001181 0.7147727272727272 0.06277273538950343 0.022727272727272728
1 0.2556622500032953 0.7 0.053343188311602674 0.01818181818181818
1 0.3995077073896215 0.6920454545454545 0.018940914772652383 0.015909090909090907
1 0.41446055154542283 0.6829545454545455 0.016115923701106104 0.04090909090909091
1 0.4378435044675221 0.6875 0.023655688311602675 0.01818181818181818
1 0.46764009862332345 0.678409090909091 0.028343188311602673 0.01818181818181818
1 0.5473821457012242 0.6738636363636363 0.12850682954530476 0.031818181818181815
1 0.5859224943212524 0.6522727272727272 0.02220228246740401 0.02727272727272727
1 0.5450344415613089 0.6090909090909091 0.026753414772652383 0.015909090909090907
1 0.4306543417234646 0.5704545454545454 0.0159795560063543 0.029545454545454545
1 0.6301731006519183 0.5454545454545454 0.01899546185055314 0.020454545454545454
1 0.6430958405056486 0.5102272727272728 0.021103432629559826 0.0659090909090909
1 0.6710532451320314 0.4590909090909091 0.03171365016215581 0.038636363636363635
1 0.8199134849857617 0.4238636363636364 0.012827282467404189 0.02727272727272727