1 0.4634316599046837 0.48117885416903167 0.07014095048646726 0.12942710138854202
1 0.6023305186709816 0.49365219899629664 0.056323912337020235 0.15177703987793462
1 0.331158902194046 0.5778558101775821 0.03640115016215582 0.043386003089921986
1 0.3740049212687694 0.5883583441715524 0.03494774431795715 0.05340701803095443
1 0.4107645815771949 0.5839024465420964 0.03031479139585791 0.05834443471334837
1 0.3754077341749827 0.6749979067841063 0.022065914772652385 0.017997248111977747
1 0.3827429472433518 0.7188215744540924 0.019159103084255058 0.03803927799404291
1 0.4046043104738765 0.7196685474476423 0.025763659090609535 0.07081953983795307
1 0.418240116480231 0.6867567221851117 0.02214773538950343 0.025534936554188804
1 0.40558042938644423 0.7736594116349059 0.042651150162155815 0.043502948350917725
1 0.4499207646137918 0.7904141163488031 0.042460235389503255 0.025915008652425263
1 0.46743554708119606 0.7599417631122204 0.02231137662320535 0.040610313438610914
1 0.4208720129889388 0.44429441062732267 0.02886138555165907 0.06836544965438066