1 0.7572102525086389 0.6115023474178404 0.09046317391627667 0.051643192488262914
1 0.7343974936113904 0.5481220657276995 0.03960101087441501 0.07746478873239436
1 0.8259019026989194 0.49413145539906106 0.03682883794672165 0.03286384976525822
1 0.6576559214819998 0.6279342723004695 0.10608817391627667 0.051643192488262914
1 0.6008064022046279 0.49061032863849763 0.11409167490485964 0.05868544600938967
1 0.5766539777940596 0.4354460093896714 0.042407675893442943 0.06572769953051644
1 0.6059727687830803 0.13380281690140844 0.060457338935304604 0.03990610328638498
1 0.5866670118629982 0.08450704225352113 0.040081171939110406 0.03755868544600939
1 0.567552255931499 0.04225352112676056 0.030451503954332715 0.028169014084507043
1 0.5966269436879401 0.19248826291079812 0.0586693458553869 0.0892018779342723
1 0.6046887944862428 0.31690140845070425 0.09588018577927464 0.13615023474178403
1 0.5016274614824372 0.3192488262910798 0.05573534684397004 0.09624413145539906
1 0.6203721442959624 0.43427230046948356 0.054716674904859805 0.05868544600938967
1 0.5391539777940596 0.4354460093896714 0.02840884288963732 0.06807511737089202
1 0.7204317885919249 0.8685446009389671 0.04502333992388792 0.046948356807511735
1 0.8531142960062986 0.9213615023474179 0.02719916996194378 0.023474178403755867
1 0.7966414615196182 0.9131455399061033 0.05551517095052709 0.03051643192488263
1 0.7297404630024931 0.9237089201877934 0.060457338935304604 0.03990610328638498
1 0.6532416299986874 0.926056338028169 0.09170733893530461 0.03990610328638498
1 0.6205127016337866 0.8427230046948356 0.054780341901054186 0.06103286384976526
1 0.6696187050938276 0.8673708920187794 0.047893671939110406 0.03755868544600939
1 0.5070232045995361 0.863849765258216 0.1620198389353046 0.03990610328638498
1 0.5070576966908706 0.8075117370892019 0.16897017589344293 0.06572769953051644
1 0.5110222965005903 0.9248826291079812 0.1620198389353046 0.03990610328638498
1 0.3988724649796594 0.937793427230047 0.047893671939110226 0.03755868544600939
1 0.3535626235728968 0.8802816901408451 0.07289367193911023 0.03755868544600939
1 0.357758033649009 0.8333333333333334 0.09515067391627659 0.051643192488262914
1 0.5169301038012334 0.7394366197183099 0.06734400889724874 0.06338028169014084
1 0.4004283533069417 0.7359154929577465 0.1669911818249421 0.107981220657277
1 0.36049441999912496 0.6173708920187794 0.1490688527754691 0.13849765258215962
1 0.34194073817418297 0.5093896713615024 0.0992943458553869 0.0892018779342723
1 0.3155108893530466 0.39906103286384975 0.1722516847906915 0.12910798122065728
1 0.263497403193211 0.49765258215962443 0.053217841901054184 0.06103286384976526
1 0.3652761260071737 0.3039906103286385 0.17384867688202615 0.07276995305164319
1 0.3765200321289532 0.22887323943661972 0.1133568458553869 0.0892018779342723
1 0.26940786908709147 0.2546948356807512 0.10522601087441492 0.07746478873239436
1 0.26977794220506535 0.18192488262910797 0.0425350098858317 0.07042253521126761
1 0.22118127471457938 0.176056338028169 0.048148339923887826 0.046948356807511735
1 0.17403170209089708 0.25234741784037557 0.03303267589344294 0.06572769953051644
1 0.0695165929268184 0.6619718309859155 0.048403007908665405 0.056338028169014086
1 0.753280144790254 0.43779342723004694 0.03430601581733086 0.11267605633802817
1 0.6264258261209044 0.5422535211267606 0.08083350593149916 0.04225352112676056
1 0.6683692925090765 0.3028169014084507 0.027517504942915848 0.035211267605633804