1 0.5729541483262388 0.8698440841259362 0.08783634328594588 0.10368277352614858
1 0.50546875 0.8930555555555556 0.0515625 0.20833333333333334
1 0.5811848048439013 0.7421471095399773 0.03155907220870695 0.09476765721171981
1 0.5093648678792262 0.4858400843005067 0.056622704722264314 0.1144706718699843
1 0.49200517193756055 0.29954312584821224 0.05198065651766246 0.12831107884378193
1 0.7874540273237548 0.26093081983229716 0.08785452400410527 0.10923832908170412
1 0.7713563286516146 0.40521365789310393 0.06746021077238851 0.08402824078297517
1 0.7937716841360049 0.4790590982604896 0.039207945745273774 0.044848460403538584
1 0.7531512293155446 0.4772500327741429 0.03606476502711473 0.039260583571255364
1 0.7842557835702707 0.5220176899858626 0.015661361436318445 0.01127271749474864
1 0.7701751028521115 0.5274277997961443 0.0063136325135573655 0.019509086997899456
1 0.7592012414157929 0.5384257864387091 0.012536361436318444 0.011240396218021292
1 0.7482364703385542 0.5466459953034959 0.010982951795397966 0.014002013357435316
1 0.9451023799794745 0.5514600135151082 0.029869307181592218 0.05586260768446702
1 0.9217330576725716 0.5303842706063183 0.025145445745273776 0.04470301465826465
1 0.6890710694782325 0.24324603294871328 0.025363614363184794 0.11136968132493132
1 0.5479233738311544 0.4015137977181966 0.09547612646343318 0.05098579894018972
1 0.47598474131759716 0.420214852797908 0.047038626463433174 0.0504848191509129
1 0.4671819130587659 0.48401485817579615 0.028352258976990542 0.06973533593499232
1 0.22908597365820382 0.9023998547970191 0.06917724687674198 0.13126662364356131
1 0.5451245849963264 0.7792754148576106 0.02840680113146803 0.08640200260165898