1 0.4682143197775986 0.4595027769997525 0.08381449400955035 0.1322363188344233
1 0.3259276160567343 0.4912675022985823 0.04162699400955017 0.1313636148242419
1 0.2897272212288775 0.5168968154749061 0.042916675497895976 0.11750704830610062
1 0.2623661130615095 0.5552039016903406 0.03363095553496285 0.04234543645236326
1 0.16038446161023062 0.49200799766601855 0.047222229581579976 0.09815957097389842
1 0.08053327050323807 0.4820262234245648 0.048730165879249075 0.09541411556686828
1 0.4683854784852716 0.8260239929980555 0.022638891832631992 0.039341402079353174
1 0.4886434147829407 0.8236664060399947 0.01935020072563951 0.030943424004525214
1 0.4453026425504222 0.8435947129923992 0.02560020072563951 0.031072713487515103
1 0.359402348085385 0.883467488082582 0.021021828130301134 0.03653130193082808
1 0.3144618703179036 0.8617129671829461 0.06838790145127885 0.0625009730532516
1 0.2927059214063627 0.9070776261404414 0.04327877404661713 0.05642825956573682
1 0.21667913474587386 0.8930099911591897 0.04823909255827141 0.07041411556686827
1 0.1734375 0.9472222222222222 0.075 0.1
1 0.1051984869227921 0.9823332859466657 0.08190476442797028 0.03501409661220123