1 0.8786220576312076 0.3327653469191582 0.08337733603812651 0.18708951874918311
1 0.39678349675358915 0.09271810279224071 0.0495829886359143 0.10094590088327998
1 0.35971414488715003 0.1887904989110975 0.059912562499176134 0.18370962363488255
1 0.3740845620954344 0.2977104289872979 0.04906479139585782 0.056240018530338734
1 0.28526002110661364 0.6104497512484764 0.0570682061685102 0.07305292474490965
1 0.25389697281089696 0.5513991887099127 0.035138659090609536 0.06738855204999375
1 0.23611122930371872 0.3999551584676034 0.02718979139585782 0.05528152818836415
1 0.24765488109072759 0.6853114449811702 0.051090941558013546 0.09630848212619425
1 0.21936228571711025 0.6311036919872585 0.04788412094116259 0.08911273140507173
1 0.21616337338008984 0.7722116989796384 0.03905459172016936 0.13576077335935144
1 0.18959691924017452 0.7039547625227583 0.05133640340856669 0.11748495271442955
1 0.1771475121781599 0.631608116075635 0.038181838473758486 0.060466655712292615
1 0.1475031022767715 0.8963265878872709 0.0496102621748646 0.10329884205975064
1 0.11830652597787761 0.852672838389549 0.04481366801906326 0.09368168656630213
1 0.1832457333642038 0.8472787834998982 0.024637535713814974 0.10455636570253586
1 0.15954518060426026 0.8015117154111994 0.047938668019063255 0.0938186137580129