1 0.33520008197804135 0.706616355470711 0.037274506920082294 0.059076747860524866
1 0.35656042882201144 0.5923395981328525 0.0810245069200822 0.0599817742414536
1 0.3815312539171517 0.6612345622745903 0.024519838935304607 0.04770705778343414
1 0.2977292568829012 0.6379799702949529 0.018206171939110227 0.04479999052266648
1 0.10337176182581705 0.6003535999717186 0.02608233893530465 0.04773938015418145
1 0.3493792815974805 0.42867696583919596 0.06039367193911023 0.04567269453284774
1 0.3426491205327852 0.38161635547071093 0.06351867193911023 0.04573733927434268
1 0.4102531146012861 0.4301941711578229 0.03695617193911023 0.04518785897163598
1 0.41242310965837026 0.4717961930829946 0.06182883794672147 0.04014946134803965
1 0.48098210866978713 0.4787073421034398 0.06307300296574958 0.026292894829898234
1 0.5165667815974805 0.425218472169218 0.046649506920082115 0.05927068208500954
1 0.5740901215213684 0.3684993112667539 0.03714717292769336 0.05352119230496931
1 0.6481696086697871 0.4752488484334618 0.07008700692008211 0.05975551764622145
1 0.6895639298105947 0.5771215998303109 0.051400673916276673 0.062145426975029734
1 0.6191877628144002 0.5813538842917242 0.051464340912470874 0.06492320475280751
1 0.5696334317877609 0.5629437557111985 0.02758117193911023 0.044993924747151304
1 0.44581392981059464 0.5821638896669142 0.024456171939110226 0.04492928000565636
1 0.4784354288220115 0.589818453214551 0.04208934091247087 0.06472927052832284