1 0.42819277840691905 0.413080010285244 0.10265344155801355 0.08569704004236271
1 0.3799013287312306 0.48505883225449165 0.022311376623205436 0.03384243939373969
1 0.3056865328711459 0.42739297402871296 0.03681025324641087 0.0675030551944771
1 0.2526433534879969 0.4348793744611284 0.03204093262955983 0.061143961038675816
1 0.15992006533854997 0.45579307521785534 0.05852161201270882 0.05551216125488345
1 0.0614689285690748 0.45704238582301726 0.053806838473758486 0.05331973376574872
1 0.045085997968109824 0.5189007310609556 0.031795470779006796 0.04239396103867581
1 0.6232268145277711 0.26787305574158693 0.07091251785690744 0.0474697456703538
1 0.5344370499172745 0.29077917803514614 0.10838524431795715 0.04625916558343128
1 0.4370262617678275 0.3118019729476745 0.05975682954530477 0.030548525973483957
1 0.2645336530015296 0.3283202743530245 0.03489319724005639 0.04038335714254326