1 0.07031594620223036 0.44609375 0.14063189240446072 0.2828125
1 0.1174046314508812 0.621875 0.2348092629017624 0.125
1 0.254572646249608 0.58359375 0.12294172362589038 0.1171875
1 0.09098784390520184 0.69609375 0.11902537564550744 0.0421875
1 0.22769604303397645 0.71796875 0.13385997306353897 0.0578125
1 0.3407579113097698 0.678125 0.12877912295265406 0.05
1 0.3754893949348123 0.72890625 0.18333334653890987 0.065625
1 0.3515686635472852 0.47109375 0.24444449506582103 0.2515625
1 0.39382504212330033 0.28828125 0.15146865030100828 0.1265625
1 0.49508595418170415 0.4296875 0.17817835018222714 0.190625
1 0.7270804905353018 0.3046875 0.24026114136710694 0.2609375
1 0.8385735764136216 0.384375 0.15929390192464726 0.1421875
1 0.9210798704259594 0.4375 0.09962914992082268 0.0734375
1 0.7475410664856585 0.49453125 0.17450677395061812 0.1203125
1 0.7011421295023919 0.6671875 0.30026704533506043 0.1125
1 0.6027034873711032 0.58359375 0.24386591664822166 0.10625
1 0.9232976057973549 0.61875 0.0819463264375557 0.1375
1 0.7957868590485963 0.57734375 0.09487466214163648 0.071875