2 0.36091513031506856 0.5966060577334467 0.3285267932839108 0.10371707867084078
2 0.789640331040708 0.5848736231888336 0.35725199400955016 0.13269919707287137
1 0.5703620521847675 0.6375464695324882 0.04820437622353531 0.1362309200312465
1 0.36598208703115775 0.6882424502781167 0.0371924651536097 0.059734342492837
1 0.5231224644358194 0.6891032712545975 0.04754961179556503 0.1057740672393682
2 0.823077824417286 0.6661520326126914 0.30067461179556504 0.11534409732464788
1 0.33606640853803693 0.7341038911928939 0.04171627404661713 0.05229735207422443
1 0.4590227589008567 0.7247818297231252 0.06844246515360979 0.060915827688550535
1 0.2989929944728864 0.7492131080168646 0.07485615626060227 0.0687663379256629
1 0.5598114433844273 0.8009862191197977 0.055000013246844046 0.16184792773028767
1 0.6740376344914198 0.7976844268861826 0.18156251324684405 0.16663294277292767
1 0.7962300930216075 0.8238953603402718 0.07636409255827133 0.06628734111945862
2 0.10980158593484943 0.27446930384280893 0.21960317186969885 0.48294875996988185
2 0.5961780516366133 0.30957515760423093 0.8045188967267733 0.6035547106250434