1 0.3578174778301692 0.6100451334818655 0.08206835391920819 0.052521287156298196
1 0.40113556881725376 0.5822986284318931 0.033903638558944314 0.06768487878747938
1 0.4443771034569899 0.5976319220832097 0.058721782132453625 0.057349548339844604
1 0.49037992524374446 0.5906460209293697 0.036528533386094963 0.03722629581485835
1 0.5183912649771878 0.5828288232385144 0.023892141066226814 0.02850507214978677
1 0.5417833008705651 0.5793237510887276 0.025318248746358664 0.020220225107920934
1 0.5112630750854599 0.4816096363697609 0.025545569279472248 0.034109113996809666
1 0.48525450455234653 0.468520771290082 0.028716033386094787 0.03698386435752196
1 0.4463822211662517 0.4335975743199191 0.05100021034569906 0.06266267243806377
1 0.41941054420664753 0.40942184127486264 0.05899456677218975 0.07401621500651127
1 0.3756150801000248 0.4080016796581685 0.036710389812585655 0.0483374069259693