1 0.4774233908266649 0.2700674354789877 0.07694432954530477 0.03452646118479892
1 0.4007927069792891 0.2654943705974359 0.07403751785690744 0.05342865998352368
1 0.2821790746740408 0.2794383043975554 0.014471603084255057 0.03579318597445913
1 0.29870805559931735 0.289812288849154 0.025190914772652385 0.017028855107832586
1 0.9167661290555422 0.626132267490504 0.04709318831160303 0.019784553564153033
1 0.8697820348997407 0.617480802097311 0.037854556006354304 0.031467453277862656
1 0.8238519261334428 0.6325122323753632 0.04604888555165907 0.06478067666019771
1 0.7239882938281945 0.6461252831384471 0.03782728246740401 0.02909778503141716
1 0.6417388555165917 0.6286155504539138 0.08417617694751697 0.11994481240251534
1 0.36518208400623636 0.7697795730072243 0.05983865016215582 0.04133215647351966
1 0.2911309293798537 0.7177579960239235 0.03442163879807012 0.14038947185509648
1 0.31825253692833566 0.7658674441069224 0.027380706168510117 0.07155879836249875
1 0.2536718396882792 0.7219742644676628 0.03859094155801355 0.0954484959318911
1 0.22191332507778264 0.7462362054537203 0.02716251785690744 0.052601452390934764
1 0.1923212824641088 0.7550539424582525 0.02099433847375849 0.05960016278459268
1 0.17413039001259076 0.8039630245474207 0.024092064934808154 0.05728564171098647