1 0.49380983597251954 0.052045011430742284 0.01947742570596276 0.03788646160006811
1 0.4766139757851052 0.09163699590282098 0.03363085391920819 0.042827129396363316
1 0.4260600463182186 0.10248635802078988 0.03845474623907634 0.04995132695600479
1 0.35620218738444537 0.12473137584682553 0.03863660266556703 0.05934099831750714
1 0.10748354255729489 0.14619628070992646 0.03105142319868044 0.07094151412186057
1 0.11700930674305984 0.1944685771749029 0.019477425705962892 0.03788646160006812
1 0.12900685306127846 0.289716545126896 0.02292067445232169 0.05437301584170698
1 0.12777697367353413 0.3471873101968405 0.026182066772189705 0.061469898721843615
1 0.23595083801758365 0.4887024125657683 0.027744566772189748 0.06149721340134852
1 0.2218057699917527 0.4438692988228405 0.01786946159934022 0.03551172908018763
1 0.3650974657559753 0.2210984233599966 0.03234113855894431 0.05688432175911193
1 0.3066832236735341 0.35031484100015087 0.025409176959604096 0.021563795435458506