1 0.15177156060173572 0.821125150834276 0.06809668977951393 0.0701393518940863
1 0.15019153001652744 0.762767576543397 0.02242051386770836 0.041892915603759524
1 0.21456250133118018 0.7995493541466043 0.05374324905006951 0.04777168392659013
1 0.24926546286218718 0.7151745856492031 0.03731946846486114 0.10592725023792203
1 0.27457524059760385 0.6320917422105081 0.030414851823611144 0.05586260768446702
1 0.3009565558520831 0.5865250594101769 0.02754442496187508 0.07527473085218396
1 0.3278099965815275 0.5645775680401387 0.02754442496187508 0.07527473085218396
1 0.2530113247537845 0.42906347453809196 0.016134146276527872 0.039050495272526575
1 0.4816097566495138 0.3355815140866864 0.030087543502986237 0.030862607684467018
1 0.7576267427818053 0.38010861374373944 0.07242051386770836 0.042410056031399926
1 0.8157119997156596 0.35987322402986544 0.05988414627652787 0.03950299314671197
1 0.8753961242406942 0.3368762171765774 0.0629727786853472 0.0367575366456617