1 0.29849858349059055 0.5941964835468743 0.04473192496187508 0.07425491711177826
1 0.4290205784565975 0.48409660995485704 0.0711502610179167 0.18073909334956448
1 0.5048920942241668 0.43401554098742545 0.11642769984750015 0.29575488002656014
1 0.5090684883164931 0.22084261229343324 0.06933318787965277 0.16168573450861584
1 0.5329222559839236 0.07734259838647643 0.037719511967847195 0.1338794272548613
1 0.5874870418874656 0.47779514100679205 0.08092530452090294 0.21082011596047354
1 0.5440656566288544 0.6181825172279783 0.04974673328249999 0.09880629798245004
1 0.614161257502535 0.7201172627514559 0.08190461664125018 0.050557268424979464
1 0.5648515885245837 0.712327763609401 0.04182513050895835 0.09049602551683755
1 0.99140625 0.6331521739130435 0.0140625 0.06521739130434782
1 0.4315987581681252 0.3265827734342246 0.043423998100139014 0.09324503653169913