1 0.5509077024549199 0.45667838736930955 0.05939484736759475 0.07633652295640883
1 0.49772813875258903 0.4567055473690315 0.05470734736759475 0.07611497197997341
1 0.6324205972827768 0.4846672045838326 0.05950397477225664 0.08141266508838868
1 0.4825198010036411 0.5093403868255121 0.0480208377489479 0.05551500215014082
1 0.44094985989664853 0.5149975663983023 0.03702877404661713 0.05245997880580158
1 0.5720063977382637 0.6393320737952392 0.029052582939624472 0.04447651398043985
1 0.21294142178488085 0.5715481524526556 0.0684424651536097 0.06155119851334047
1 0.48009171624991803 0.6222845492620603 0.04618551923729371 0.04275079649471305
1 0.28879459365457977 0.6081617422589684 0.03348711179556503 0.1055379202151531
2 0.09548113639033637 0.17854736368818722 0.19028772721932724 0.35635622412158974
2 0.4594245853018773 0.2376695872762417 0.5905258293962454 0.45894440229626376