2 0.22407503134103082 0.4142696390936417 0.22247805674305984 0.20891646590629184
1 0.4288761916075875 0.39894995293042423 0.16034176959604132 0.22550898743653303
1 0.7858392454476535 0.3864531787738687 0.09846624373179366 0.0893301353174467
1 0.5450634812618885 0.4470512220617624 0.09448944906292792 0.21040686319862606
1 0.783694072248973 0.45930402468192516 0.1421253155185486 0.08645323432394768
1 0.4951938619032741 0.5256968722447575 0.02948892319868044 0.07408676336964393
1 0.6890347901165195 0.5120851452991848 0.061102636051661816 0.09491671619675622
1 0.45221074003737716 0.5700794444836894 0.06780727711788863 0.11947105627674204
1 0.8678501119032742 0.5088530828396943 0.03256845909205808 0.07180082661352019
1 0.3386339733443297 0.590976372996535 0.097449313011266 0.1183857250547318
1 0.4032049387045936 0.6026085898123156 0.043233174452321596 0.057732086802038646
1 0.4986765630777731 0.5898053890294285 0.03367631802583091 0.04759960580827393
1 0.6371934937983008 0.6126460795313025 0.062210494985435 0.07071549539150995
1 0.3153950501456493 0.6647806409463874 0.028897889812585564 0.04253336531139137
1 0.3950598180923379 0.6623924165770567 0.13091503087881237 0.07139576054319607
2 0.33515625 0.16990291262135923 0.6703125 0.33980582524271846