1 0.41856183271004344 0.48615778031859946 0.03306703866963616 0.03335915017061071
1 0.3887016100413617 0.4633917732555723 0.036428396005727046 0.06385861646320584
1 0.3487760440404072 0.4521582384465286 0.04907384667409058 0.08281198514646748
1 0.34006466271481595 0.537474827859141 0.05212612133990877 0.07349880506903933
1 0.4389021520528157 0.5907138708768279 0.051926126670909054 0.04773768094725947
1 0.4286833620703149 0.7837179214599237 0.034647720003181705 0.035728321256018415
1 0.3241049500715876 0.7959436460912382 0.041097714672181596 0.06159844822060005
1 0.7445072620544065 0.613605787629067 0.04562158267027243 0.04060291698033591
1 0.6959697647199066 0.5998804535364637 0.03468408267027243 0.04041216200543293
1 0.6807447540579064 0.6511301946730189 0.033212489337999786 0.05209451316826865
1 0.7231327960693605 0.7783160387407726 0.05517839600572714 0.06418562499161092
1 0.6871862054025877 0.7765183122073088 0.0221113573360908 0.030826474821000337
1 0.6796913313971789 0.716676714454122 0.01900453866963616 0.03311389377430697
1 0.4073078014003605 0.7470502710575053 0.028597714672181595 0.06138044253499649