1 0.4473360208984717 0.8806256004841028 0.15588893692972228 0.19230565474622568
1 0.6567909413950346 0.29227858140495117 0.08430487765916687 0.20778663441542586
1 0.7460365857717013 0.17132080152229287 0.06562630642076392 0.10758293353307911
1 0.5796647437317359 0.33395198989186553 0.10065592306201392 0.15302665491036338
1 0.49323693446118033 0.31927427247489704 0.05839568787965277 0.14590108402349378
1 0.49663599781579854 0.19691368949791946 0.06279224715020852 0.12678428573893022
1 0.4112420520523609 0.32129204583643883 0.12594817021222243 0.277781646538393
1 0.3303375441685762 0.30268642843588406 0.07729115824437507 0.15660096110315716
1 0.23393532285392346 0.2764517739770181 0.13561280452090285 0.19362776127554132
1 0.23262935562333328 0.11241783383261829 0.19099128875333343 0.22483566766523658
1 0.12805161160725692 0.054237277871694786 0.06264677678548618 0.10847455574338957