1 0.6873071635627086 0.5375815363462116 0.025474085106111134 0.13197004105215135
1 0.6965172029816322 0.4257210073846193 0.04778418977951393 0.059234199751361516
1 0.5770054431979864 0.5291348469383818 0.02554551386770836 0.03551314182817725
1 0.510908970933403 0.6003117097192548 0.03205008700597212 0.05203848610875077
1 0.4364538315907295 0.585667820109891 0.022747822188333443 0.05666223439377264
1 0.39212325655260455 0.6495942132028739 0.04985583605604162 0.09218906523326977
1 0.33445883975885465 0.8618927905267026 0.04705814437666671 0.11333815779886529
1 0.2911816184442019 0.8928643181377774 0.06093880642076392 0.10169665301839119
1 0.225629353626563 0.8981451389661542 0.0512728656913195 0.08279098953870717
1 0.17733601757052128 0.8067911034233981 0.047966027735416715 0.07099890563371446
1 0.3223341673624308 0.38075738697242717 0.03502961664125 0.042654099425508324
1 0.23806827013597243 0.3885554171131132 0.0633000870059723 0.05231226633514873
1 0.25327634925815995 0.46254986307005774 0.02903418977951393 0.059069931615522764
1 0.16210518218006967 0.3774546282797752 0.0825956008736806 0.08777065211804631
1 0.17633002991961821 0.28672950287245863 0.030960365691319502 0.0826130323915486
1 0.138810539703264 0.1846914089563456 0.051782011967847284 0.11573216600929546
1 0.199748039703264 0.1841575375148697 0.025800087005972205 0.051983730063471234
1 0.07434930262104181 0.26056046507884 0.04029899810013893 0.08034222528299739
1 0.0930090368534724 0.30510892380160237 0.04004442496187503 0.06387163704770327
1 0.11019719006385435 0.35555342447686117 0.017769381458888935 0.03779763794804828
1 0.10349390159486135 0.42738657541581354 0.03328527868534721 0.03087570453183536
1 0.19128484232430581 0.4454435201936642 0.024019381458888888 0.037852393993327814