1 0.9347048714142119 0.12627743994200677 0.06333830290255768 0.10034719206612709
1 0.9442014117028978 0.26069401830290145 0.08225199400955034 0.10743439893210682
1 0.8962649087076731 0.31291402804494167 0.03601191106992587 0.06829795299395003
1 0.8165104321213178 0.17957279413978336 0.0484771947351895 0.1316872360058769
1 0.772480179126093 0.23185847009778912 0.0835615228654909 0.1616104711668698
1 0.7260813834799296 0.38000214117902903 0.08550596878180663 0.1774380920550618
1 0.6743080631541767 0.30579818246342916 0.08010914065150558 0.1480139201354066
1 0.6010640253125615 0.409490397828552 0.13545140507947587 0.17602128327630495
1 0.4842411130615094 0.4549113413118118 0.08564981252120454 0.1187736136204548
1 0.44293655598260057 0.5230377714012028 0.06715278366526398 0.06430861003544366
1 0.4078547170525262 0.5901405992645808 0.07213294954451292 0.1411105786741303
1 0.3078844881039185 0.6866142753317929 0.08726687622353531 0.121057216449956
1 0.2491840998994835 0.7781406724304514 0.08000001324684387 0.14349924744917633
1 0.36344998574166576 0.9177031098938939 0.06253969473518968 0.1319236343833528
1 0.12811019726707834 0.8415415071994737 0.035520837748947987 0.04798192590591391
1 0.5741170901960186 0.29621645013380976 0.048511911069925695 0.06850808488503969