1 0.96015625 0.5968468468468469 0.0765625 0.17567567567567569
1 0.9204344471851623 0.7329291836537052 0.11555069863085592 0.22397399519014022
1 0.8006193542955249 0.6735519721596216 0.1308626808363588 0.10329617814937665
1 0.796661366158523 0.7549476547676554 0.054525673916276676 0.05222366252864738
1 0.7513170326604258 0.7561023897119362 0.026146005931498982 0.041798946648351286
1 0.7665507604173044 0.6030922329131821 0.04840300790866543 0.0564135655061992
1 0.7096932653602203 0.6397860808212782 0.05748884783255317 0.10185186245993523
1 0.6300375988583174 0.644923376416051 0.1071068458553869 0.09085516116204295
1 0.6999800257403436 0.7113219046302602 0.04301517095052709 0.03140283958621004
1 0.656134525246052 0.7101457369405507 0.04776633794672147 0.03389104298367642
1 0.6105991907593716 0.7045437151280749 0.039762836958138335 0.026741034318228937
1 0.7058453651699399 0.7527526201517125 0.02789950692008212 0.048634353786846087
1 0.6729373646756482 0.7510258997898358 0.029525673916276675 0.05096525642083664
1 0.6399975306832595 0.7481730533018329 0.029525673916276675 0.05096525642083638
1 0.6056225306832594 0.7499033617000725 0.032587006920082116 0.04887030493206073
1 0.5602145301889678 0.7488058443921012 0.026591674904859808 0.05756471241411705
1 0.55894119026508 0.703760799347056 0.028889003954332713 0.028442733898314115
1 0.44115151239447076 0.6330043510191042 0.28073534684397006 0.10634211029173662
1 0.592609241634224 0.4832867461442643 0.03934634288963732 0.06720292447703143
1 0.5273317515200558 0.5542362801265732 0.07961851581733086 0.11196197681327852
1 0.4234454061589605 0.47714134773234707 0.08812603558899426 0.24733306309362815
1 0.4769961704934166 0.5725581832988296 0.05302684091247105 0.05439726439916134
1 0.35064191752766705 0.558619268758482 0.06916117688202617 0.07320178623456107
1 0.29350057958094555 0.5299191509695245 0.07684102570316256 0.17929359323563157
1 0.5111257727745941 0.7005290053594396 0.046140170950527096 0.03156014034968613
1 0.4625609387822053 0.6984626626888185 0.046140170950527096 0.03156014034968613
1 0.5075524452079959 0.7401793709190687 0.06877917490485981 0.05968827272104781
1 0.4575206117098987 0.741570057008564 0.03421317391627667 0.051201207566051024
1 0.48951736961856407 0.7940904286187237 0.09170733893530461 0.042850010429102234
1 0.38079894421941274 0.7397932950831037 0.026337006920082295 0.04855570340510804
1 0.36386877079742774 0.6944086277293142 0.13376750494291584 0.04046906623152824
1 0.347859110227024 0.7369404485951007 0.03258700692008221 0.04887030493206073
1 0.31501477672892675 0.7374659804854762 0.029462006920082207 0.04871300416858439
1 0.36026095113949497 0.7881916977247354 0.06495383794672147 0.03475619718279643
1 0.2652084363107473 0.691480718895936 0.046140170950527096 0.03156014034968613
1 0.21823793581645576 0.6904618519697028 0.04626750494291585 0.03606464485419063
1 0.17126743532216418 0.6894429850434696 0.04301517095052709 0.03140283958621004
1 0.23504077524605202 0.7313420148189878 0.029525673916276675 0.05096525642083664
1 0.2006021082498576 0.7308200709649753 0.03258700692008221 0.04887030493206073
1 0.16772594125366322 0.7302194767292246 0.03265067391627659 0.05112255718431298
1 0.07947918334499782 0.6805305188616391 0.12139483893530464 0.04434436768212737
1 0.12075544075937161 0.7292006098029913 0.03421317391627658 0.051201207566051024
1 0.08550369026508005 0.7275918650137218 0.032778007908665384 0.05562706168881749
1 0.05419002326888565 0.726912620396233 0.03265067391627661 0.05112255718431298
1 0.028345106272691257 0.7259580994426605 0.017216674904859786 0.05709281012368802
1 0.2315855114058875 0.6367867454152621 0.039091674904859805 0.058193915468022425
1 0.839008033649009 0.7584547250913555 0.026146005931499162 0.041798946648351286
1 0.7776858730786053 0.803267407027549 0.0792073389353046 0.042220807375196866
1 0.5661408780215211 0.8477476427277238 0.04196200692008212 0.049342207222489755
1 0.1842687955120071 0.8726082916933371 0.04314250494291585 0.03590734409071454