1 0.7283011255603136 0.6274821520595653 0.040471887305303156 0.06848883795905324
1 0.6787868588672662 0.6145188286287131 0.04810253087881229 0.059964383328641555
1 0.6190936101209074 0.6007133655944479 0.05462531551854859 0.07318839260906197
1 0.56176684342786 0.5879401844830752 0.054534387305303154 0.06883109413411644
1 0.592233244918928 0.6994561078627964 0.031233279625171306 0.07479661488809607
1 0.5449764970304991 0.45756348640977235 0.021403638558944317 0.05278195172999317
1 0.5398858317493775 0.5132711558209114 0.027471782132453625 0.04421946863568567
1 0.4844421623116208 0.4034530124822609 0.05788670783841639 0.07980039724927193
1 0.5116471714828208 0.5085090450773557 0.020903533386094787 0.028816810117792614
1 0.511903235747728 0.5956930430401622 0.03981866943775678 0.11202379424461249
1 0.4565936101209074 0.6046683258396214 0.059358279625171304 0.07548112723822246
1 0.3433458008705651 0.4592011843961341 0.06531877461060631 0.13659739127914755
1 0.2790619920159342 0.5250685323852085 0.08334134890464337 0.1021953450463341
1 0.24798548825501046 0.5715997498820026 0.04851170783841656 0.07957222646589646
1 0.33951845572684547 0.3132506997174067 0.04564277210332381 0.16660411057311963
1 0.28499740643912597 0.6971247794497132 0.07483016693047428 0.1433615097749412
1 0.21916781795932394 0.6889180533647135 0.053381064264907255 0.08840090880747525
1 0.16922765393184352 0.7304589893345764 0.0434604949854351 0.062028947174426585
1 0.1720631489172786 0.7914231395199178 0.03202288981258557 0.0377976063149551
1 0.37375837806759604 0.6055945098073676 0.09115384890464329 0.10238548736581349