1 0.2149111229664622 0.9374348458571673 0.062110262174864594 0.10205782133691702
1 0.24903097848634928 0.8477321847336046 0.028615923701106105 0.04279016628202782
1 0.3358588226421506 0.854814530286137 0.027080697240056482 0.04508583201817692
1 0.3530832788106608 0.9244797681792531 0.028834112012708867 0.061481755067074546
1 0.3419645466675683 0.9761875088029953 0.036128414772652384 0.017293146012497807
1 0.3762440892812421 0.9671127157459374 0.023710235389503433 0.0239762289110356
1 0.4075486363591428 0.9709699557025627 0.02996023538950343 0.024139360358962834
1 0.40996452434643393 0.9101407264271971 0.03185001785690744 0.05221752639851494
1 0.3770059740221224 0.8315375227613758 0.028725017856907443 0.05213596067455119
1 0.5752798327884203 0.8123394077009002 0.18033415665497757 0.1939015827145252
1 0.6947156254020942 0.8010419486658332 0.0573954886359143 0.09959902415284069
1 0.7405269573830309 0.7086969674792758 0.06046594155801355 0.09500769268054249
1 0.7469348701270884 0.5881659503656285 0.0563511858759707 0.14395076465534493
1 0.8579775101429744 0.6612253380351627 0.18631142126547431 0.17070022818114403
1 0.8427052917995995 0.4910112446984568 0.1154728157455871 0.2576092632589524
1 0.9262717682606493 0.4864929129842987 0.09924779788867966 0.20579956548025582
1 0.9675201055165917 0.6057800528075007 0.060329573863261744 0.08332544968988854
1 0.43923323863261904 0.8065417223007948 0.05517842370110611 0.04348347493571876