1 0.4372051400082637 0.4080071604615684 0.03924564437666671 0.1356613846327832
1 0.4602601270904859 0.4983995824813519 0.052254790653194404 0.17532629062148872
1 0.4694182279641665 0.3961068153909595 0.031977351823611146 0.05749559830509712
1 0.5022651359242012 0.5746782523730827 0.036883057370694416 0.07445327138419502
1 0.5113303581887845 0.658642099600017 0.04349673328249999 0.10261905771188111
1 0.4752110202328817 0.6702999393269331 0.03499324905006951 0.049356269246717946
1 0.4610751318401386 0.7347531989361558 0.044622822188333446 0.06938272651602485
1 0.43672778885024266 0.8625133346094047 0.01697060087368065 0.10374779915254856
1 0.3744284638121177 0.7835847480415832 0.031977351823611146 0.05749559830509712
1 0.35133580271795106 0.8155115503814989 0.02405574905006951 0.04867725428437855
1 0.3751181416237843 0.850348416845727 0.030342116641249993 0.05184304061206464
1 0.40783906943545095 0.9191006294681506 0.03975348423243066 0.055202831214704574
1 0.4070039212590621 0.8634480717751182 0.027289851823611145 0.057204591892665725
1 0.400049978914097 0.4390609435641904 0.017987587005972295 0.06217813462335897