1 0.28123515322420645 0.4965861981197373 0.0835445541766104 0.13176576735833723
1 0.3294928707592177 0.5391163265242055 0.1034204065339753 0.11867894776105813
1 0.31617954156121664 0.6418145136400578 0.11065070967712849 0.10002759462187633
1 0.4196491439185815 0.620977988860074 0.11101458271265781 0.11198931710991461
1 0.5260254224546288 0.5927694694505952 0.03401543507002262 0.09285870227580925
1 0.5658499017764644 0.5639191852001773 0.05450771753501123 0.04876888477796639
1 0.4986045897419711 0.4890172603650649 0.04964043507002245 0.09383350795916814
1 0.5647390119917122 0.5016694879782103 0.08426799214211726 0.053013360073956364
1 0.6209183914373821 0.5473007302874103 0.05926799214211709 0.05145367098058185
1 0.4918687462759463 0.6020910754468082 0.052983758891340216 0.10120550258866304
1 0.5192146503287223 0.6519180527678302 0.035102746071058635 0.026068017479466677