1 0.7904323108776184 0.24488830283982446 0.04719437418757337 0.16279201516895123
1 0.8252612784102145 0.27414926852440397 0.052680715096963836 0.09758898020031155
1 0.6580913693196048 0.33377820540555636 0.04588524431795715 0.05064248245867087
1 0.7473447840922571 0.32052280756973095 0.06468979139585791 0.055967956992004284
1 0.3003725523562017 0.514163436069367 0.04914661201270878 0.06243348833883707
2 0.11218103125288337 0.6338330777200937 0.1802717012972462 0.3239021126032193
1 0.698533362826783 0.48477921469434154 0.02880683847375849 0.059390080958878495
1 0.4442765109603439 0.5729320374663037 0.03938978246740419 0.02939691929646943
1 0.6855560758951521 0.5252320136035834 0.02880683847375849 0.059390080958878495
1 0.3302997857171103 0.6285688219738322 0.03606595941492108 0.14605620486874363
1 0.5141389975676633 0.6139306043494813 0.031768197240056396 0.04548015225960545
2 0.8440680052783011 0.5377610760407072 0.2935353603878557 0.39323813737331303
1 0.6337657049539895 0.6099132147798554 0.055860262174864596 0.10237064028608524
2 0.12890625 0.8855140186915887 0.1515625 0.21495327102803738
2 0.41434572889997695 0.8605589547746111 0.09708528003177204 0.15518642700861895
1 0.7286633733800898 0.7826773877192118 0.04629434740221221 0.08568921143063335
1 0.7814610909126858 0.812563740018485 0.07959777110331849 0.1288872965368641
1 0.8417400718379622 0.804143406950001 0.052517073863261744 0.0835702886115265
2 0.4156192715103554 0.1488656401423681 0.3218864569792892 0.2797854035152652
1 0.8033744159904683 0.07354000099049944 0.05103639448011279 0.09052525296116308
2 0.14571192045469522 0.29013139405664606 0.29142384090939044 0.44942166661796507
1 0.8727868892051072 0.153089969742836 0.057313668019063256 0.0930792273383178