1 0.5511729078631254 0.822411546823985 0.07950827488562506 0.1966744004754885
1 0.49256162727791714 0.8685054298869053 0.05748649810013902 0.08404475732776943
1 0.513381967133681 0.8011368428866724 0.032268292553055564 0.06828184253859779
1 0.6074605818750699 0.9300564300343034 0.0742375870059723 0.05667086077139155
1 0.6106394800514587 0.8829044565601589 0.08194098423243049 0.05004463894158616
1 0.44850315596326434 0.8965592545063705 0.046112587005972296 0.054932842297080293
1 0.4023730383720839 0.8913411670936926 0.04127961664125017 0.04516449956557981
1 0.3278451638470491 0.8666125493583618 0.022275043502986147 0.027418142857587063
1 0.30191909669270883 0.9064402817787528 0.01497168977951393 0.060110715398293206
1 0.68046875 0.976303317535545 0.0265625 0.04265402843601896
1 0.4396554860353824 0.9303401045883931 0.017587543502986237 0.027128473111868567