1 0.680174064120734 0.5693761434231165 0.024964818181219074 0.13217539012243834
1 0.6992183445595431 0.4596084523758268 0.04755683847375849 0.059644897891935486
1 0.5711984845754292 0.5383378039315904 0.025409103084255237 0.035732180836483114
1 0.4991967995102374 0.5960815133111491 0.03185001785690744 0.05231228486913337
1 0.42617235673440773 0.5655899285730607 0.02252956493480802 0.05685389352604034
1 0.37601839813026555 0.6205973914854024 0.049501168019063256 0.09261345331186262
1 0.298608238632619 0.8184643061369867 0.04662162986961631 0.11373516600141985
1 0.25275995048317207 0.8404484557307232 0.06054776217486459 0.10221687066311835
1 0.1870258563273707 0.8321866068970798 0.05095457386326192 0.08322906755531917
1 0.14835309415250605 0.731667231092981 0.04769320616851021 0.07140960377428843
1 0.33291546022569996 0.34011908410531216 0.034865923701106104 0.042955278061929086
1 0.2484177293004234 0.3310093120755018 0.06310001785690744 0.0528598638559138
1 0.2563353693163095 0.40735669503877026 0.02880683847375849 0.05931635049986707
1 0.17388533360249453 0.3052509886396936 0.08225912094116258 0.08848252889504091
1 0.19787621266133196 0.21775410192085748 0.03064207386326192 0.08287314121391198
1 0.1700591298696163 0.10998424994197378 0.05133640340856669 0.11617024402590753
1 0.23036538433384318 0.12187133686300965 0.025600017856907444 0.052202769071777295
1 0.09887960511284999 0.1712436816115688 0.03998980032431154 0.0806844737334756
1 0.11273359943080714 0.2204227252480695 0.039798885551659155 0.06421388549818148
1 0.12506600405718976 0.27315855959861507 0.017623876623205435 0.03794822726625866
1 0.11180807345622482 0.3428167348485486 0.03316705600635443 0.031163193230237245
1 0.19660581330995508 0.3778088598195355 0.023873876623205437 0.0380577430636148