2 0.5516181912164821 0.260297381664351 0.40636138243296427 0.4673011932591211
1 0.3250450568435325 0.5298830568634796 0.03347834486680368 0.1050291423791443
1 0.3112345662350727 0.6122658463777197 0.04259867688202608 0.09401589095799026
1 0.36089898520843344 0.6365577133668074 0.06498301285158128 0.11914919384919771
1 0.41448690022746143 0.6260174414488372 0.0539818458553869 0.11538019636253827
1 0.4601177352084334 0.6441454750246962 0.04071784190105419 0.07923364205017676
1 0.4939024861970166 0.6555122136394611 0.036094008897248564 0.08180771644110578
1 0.32068516209045955 0.7242405119174259 0.0381021778706093 0.10245506798821546
1 0.5873169051703774 0.6831498652965943 0.038900673916276676 0.06738394446201136
1 0.6402509041817941 0.6784149498631338 0.05015650889724856 0.08288314722726318
1 0.46108732760377913 0.7247308901602323 0.022893671939110405 0.0485937134483922
1 0.6911913216722801 0.6896298282233783 0.06297484387822046 0.09850184230208803
1 0.34670383402956984 0.7730732099849643 0.0906541749048598 0.08012484463686619
1 0.48326341653908383 0.7761974087734861 0.04059050790866543 0.07336853941088058
1 0.5579132480600146 0.765804007374928 0.03829317885919252 0.11125272194715974
1 0.5232026670333754 0.7836432896470711 0.03370383794672147 0.0435650569761072
1 0.6212263315581119 0.7721097215724606 0.038229511862997965 0.10832017062751165
1 0.5890505015200558 0.7989258962679074 0.04046317391627667 0.0675034367715844