1 0.13030460265571975 0.24413145539906103 0.07569086729005096 0.1784037558685446
1 0.6262125211754347 0.0903755868544601 0.04567611436318479 0.09389671361502347
1 0.6562903857350111 0.19131455399061034 0.052253367290050964 0.1784037558685446
1 0.6340063195764284 0.29694835680751175 0.04707498789975162 0.051643192488262914
1 0.6991490096643614 0.6232394366197183 0.05338862041330898 0.06807511737089202
1 0.7345143379231928 0.5692488262910798 0.031495439695149584 0.06338028169014084
1 0.7632074853656687 0.4225352112676056 0.02519998789975162 0.051643192488262914
1 0.7308711874556545 0.7030516431924883 0.04722952400410509 0.09154929577464789
1 0.7630887898167866 0.6549295774647887 0.04563066256778665 0.08215962441314555
1 0.7562933682720095 0.795774647887324 0.03332156010845857 0.13145539906103287
1 0.7870075579671593 0.7323943661971831 0.04730224687674216 0.11032863849765258
1 0.805244473560008 0.6631455399061033 0.03459316861791066 0.056338028169014086
1 0.8151456726249316 0.9307511737089202 0.04568520472226432 0.09624413145539906
1 0.8465456635497454 0.892018779342723 0.040961343285945875 0.08685446009389672
1 0.7825467960633026 0.8755868544600939 0.02070338544042354 0.10093896713615023
1 0.810049627347196 0.8345070422535211 0.04408634328594587 0.08685446009389672