1 0.5763058438005562 0.38978666398033257 0.09593147483938272 0.03779266587924912
1 0.5042129285691982 0.39433032024093484 0.04812737115827177 0.02280258293962447
1 0.4441027853743833 0.3861284398410482 0.08204258595049384 0.03751984736759484
1 0.5846403383967907 0.42324400472450546 0.0764223768995063 0.03584821996293321
1 0.5380969778766057 0.44057783766412995 0.05704258595049383 0.03702877404661713
1 0.4566686001327167 0.42106643503172475 0.11750716210728393 0.02260417549789597
1 0.44775454660339575 0.4407886579898827 0.06518195879753093 0.03250496515360979
1 0.4886465325877784 0.45484123430608536 0.05355361972296306 0.019786710344286362
1 0.536741576998334 0.47500740136646086 0.0429597365753087 0.03206845553496294
1 0.4603538493723464 0.5101289350317249 0.05891521479222238 0.015208337748947897
1 0.4490176122901243 0.5384994716922137 0.1403112657883952 0.03710318511654265