1 0.08378161810497323 0.09452663681158245 0.12381323620994644 0.1890532736231649
1 0.17678512351524955 0.26128064743324153 0.233262444048363 0.28460206768354623
1 0.04821149412750525 0.3251938749924585 0.06173913354437941 0.1297125430228382
1 0.19538670783841652 0.08333884716478084 0.114636813011266 0.11885902629268885
1 0.29511523785929905 0.40465090653499497 0.09972251834240006 0.24153881517394396
1 0.14871761097883723 0.43455429595187295 0.20958560015828454 0.10177715181146042
1 0.1783345663099713 0.5569546318231936 0.3397564849563052 0.21613999743735668
1 0.19241744985435072 0.6847110037764901 0.30829588479802067 0.11926402149243992
1 0.17982417313217344 0.807040617364712 0.3333700926364372 0.20857886379274346
1 0.18816552203681677 0.9201691388925127 0.31123902837152995 0.10949779028518988
1 0.3627025207831755 0.9326168242632116 0.03573892319868044 0.07483746657246493
1 0.43418140102884967 0.61275469196285 0.07158549498543501 0.07090019192554144
1 0.5400964319076621 0.6763766393761738 0.06042067445232178 0.058283971594266466
1 0.5780570846523714 0.7849937169787625 0.05621655925034226 0.1689494389348755
1 0.5892195566765528 0.9239198183159417 0.10195495658477541 0.10866286737784708
1 0.622650519133823 0.7024446420640275 0.09488660266556703 0.06415592092535237
1 0.7078689536152745 0.6187777551095544 0.13787573620994636 0.19335255069908064
1 0.819732456122557 0.5811995169942055 0.12866587226160817 0.2866476604170669
1 0.9328125 0.5923645320197044 0.13125 0.3078817733990148
1 0.7330317411580044 0.8386407024580002 0.19558058762187222 0.27371802443655785
1 0.90703125 0.8423645320197044 0.1828125 0.26108374384236455