2 0.3551080167687329 0.4548736121706418 0.4170442144481868 0.3617707061909534
2 0.8394074209133461 0.5185407020845398 0.2961587114824372 0.334331975555121
1 0.3390771570731816 0.6432408548618207 0.03271434091247096 0.05563008307472996
1 0.37948198117973864 0.7067552661851136 0.04259867688202616 0.07490126762156182
1 0.24188648068544705 0.7174900730284796 0.037656508897248565 0.06526567534814616
1 0.6590129722824901 0.7553802931604316 0.04495967292769336 0.0468962008116642
1 0.5802022227767816 0.7559988350837491 0.03421317391627667 0.053364638871658814
1 0.6599560483662135 0.8069005251927376 0.018588173916276672 0.05254490249861335
1 0.5069583823586022 0.8102391059678347 0.04371550790866543 0.05855131637623769
1 0.5817355478719218 0.8145203338185296 0.046331171939110405 0.03993592092784188
1 0.7741949619023668 0.8231759323344198 0.037338173916276675 0.05352858614626823
2 0.27395481174926734 0.1512146857881592 0.3708403765014653 0.3024293715763184
2 0.9091773873386991 0.17889923782909647 0.17762888737588015 0.35779847565819295