1 0.6330531585506971 0.4147101363751704 0.1852963054894186 0.19164990721092923
1 0.508724411453691 0.59289676773525 0.13506898495630537 0.17934471031542598
1 0.6792869640401157 0.5977275227601498 0.16971676959604132 0.19312092322257826
1 0.87421875 0.5674273858921162 0.2484375 0.2095435684647303
1 0.96328125 0.36410788381742737 0.0703125 0.23443983402489627
1 0.3085402065182683 0.6992620481437309 0.031142351411925784 0.06753701978533565
1 0.267960670624891 0.7029062861814931 0.03086956677218975 0.05508888700525266
1 0.4707363296378064 0.7147982671838006 0.0454321719450391 0.0784537692752664
1 0.7049893091838353 0.7358563465994475 0.09975595909205773 0.0639691136494325
1 0.928691233636157 0.7749718517364008 0.0826593873053028 0.06745445117925908
1 0.9046875 0.7043568464730291 0.1875 0.0975103734439834
1 0.5815434489964209 0.7759252547840161 0.042670884798020656 0.09493054509170423
1 0.33565428747622295 0.7947692007333237 0.04488660266556703 0.05355750371510042