1 0.39763882559841235 0.6342304262710584 0.024419646641955416 0.04026915552690471
1 0.43749249928220985 0.6008108192334634 0.05336310217691818 0.07424431607223399
1 0.46611849628698493 0.5483953551767121 0.028725200725639333 0.025279508371416234
1 0.5137276170682247 0.610134476396299 0.024583337748947897 0.04679089465733974
1 0.432385847830931 0.6488266929807011 0.030396828130301045 0.029703249174659288
1 0.450371955998299 0.6783504989939598 0.031051592558271324 0.05579020569639842
1 0.4781422919331485 0.6911144688834131 0.02436508293962447 0.038095242483426696
1 0.511708760081983 0.6905692590049947 0.016498019237293705 0.035541755858516266
1 0.5085118382122842 0.6624981762304932 0.01595238221398514 0.013802625423733656
1 0.59244040490984 0.7072738676711449 0.014389882213985138 0.013726710707447123
1 0.4000172919331485 0.6949102046977336 0.021349210344286364 0.042291239137810153
1 0.427333760081983 0.6946686536844607 0.018115082939624473 0.037791583618281055
1 0.3176586597191633 0.7119392055636395 0.014717264427970278 0.026770188968316688
1 0.33196669637965215 0.7014733644214098 0.01466270072563942 0.02459627592483843
1 0.3844096501005164 0.7260661771111502 0.02845238221398514 0.014409943154024928
1 0.48026529792359823 0.7930606377780323 0.01606150961864685 0.01815045151069018