1 0.485886214665139 0.27948642352679137 0.01082970364722229 0.11140202885991468
1 0.5176252175149306 0.13677730159357834 0.0142079703647223 0.011547487734316539
1 0.5164263934267362 0.16460356566282336 0.011155705547083273 0.017006070706937573
1 0.4610108883927431 0.05099856494066645 0.009629573138263936 0.01973536219324807
1 0.5224939022604514 0.09077426624010955 0.008067073138263936 0.01968687590178079
1 0.4439539410137849 0.35998646320880795 0.008103440729444421 0.022464653679558605
1 0.46359429378732653 0.36771371789880036 0.0079579703647223 0.011353542568447337
1 0.4812909400638544 0.40606925758154927 0.014244337955902787 0.014325265512094315
1 0.46421254283739605 0.41493594012102264 0.011155705547083273 0.017006070706937573
1 0.4588879567813543 0.30672382251635744 0.011192073138263935 0.01978384848471535
1 0.4324527433504863 0.31727031169352327 0.012681837955902785 0.014276779220627055
1 0.43848388459302096 0.24066323449303167 0.011119337955902786 0.014228292929159794
1 0.4383923124046875 0.17397232468063137 0.015843205547083274 0.017151529581339354
1 0.43844621058107636 0.11839252597934219 0.01907730832062491 0.02558183549760729
1 0.43831827080156255 0.048923838389164094 0.0142079703647223 0.011547487734316539