1 0.6302976575265467 0.5468431819117329 0.028834328130301047 0.03785714958569852
1 0.717217304168502 0.6021782994729722 0.014717264427970278 0.034206352570627034
1 0.7263021274894796 0.627711811229096 0.02080357332097762 0.026261027787202018
1 0.6584400156939146 0.50974883256617 0.019131945916316083 0.020608470094169384
1 0.642026331210344 0.5877999746518502 0.02376488221398514 0.01812169872882284
1 0.590880493461396 0.5263625729192504 0.01627976442797028 0.03430335470810412
1 0.5216567783077863 0.45825409105010867 0.008685519237293705 0.04492945513182984
1 0.38764142077339053 0.7065653452590932 0.015208337748947986 0.059206352570627035
1 0.38504221042910425 0.6536905653438384 0.02409226442797028 0.034788365395489504
1 0.08052832521989425 0.6833377585781809 0.02074900961864685 0.02348325000942424
1 0.7516220421027844 0.28803368838070953 0.016334328130301046 0.03708113248588189