1 0.7736433012810477 0.5675593739039323 0.03375792934436319 0.12497984812289398
1 0.7374876252785025 0.5971571459644311 0.044477253341817756 0.09663184204770908
1 0.6959631966104571 0.6137742324097719 0.05517839600572696 0.06589720112765544
1 0.6635137759389119 0.6695208405983839 0.058539753341817755 0.09700677184330338
1 0.6265586686028211 0.70152607693684 0.06982269867918127 0.142644445959049
1 0.585906396602503 0.7061891597247485 0.028743165340545218 0.08189544431672531
1 0.531672882598685 0.7505858178154968 0.026871582670272433 0.041280993087779765
1 0.4387399479233217 0.8508957195595658 0.11918635200509069 0.06044531010631169
1 0.4180280059277761 0.8013387825107134 0.05517839600572714 0.06589720112765544
1 0.35837119525782163 0.8399146595209097 0.05188976400381797 0.04433416979148244
1 0.3650751812540037 0.88268662183075 0.03477498933799979 0.053422461643008984
1 0.3028382632479585 0.9523512401235055 0.033139764003817976 0.043834263397356986
1 0.2745223592457313 0.9781607655858156 0.04236931333545444 0.02499113783546997
1 0.25208428524827664 0.9501252010069591 0.03166817067154515 0.055725778755523606
1 0.21836326591345853 0.9677273105438486 0.02692612667090888 0.04844089762238597
1 0.17482235124923115 0.9414474580808179 0.07109429734245412 0.10449994730732655
1 0.44148313991886734 0.9009317335694548 0.0221113573360908 0.031609477109773396