1 0.14427856809233794 0.7694179518502204 0.043187710345698974 0.06373016882299239
1 0.1807472655059132 0.7824161793972869 0.0434604949854351 0.08039683548965873
1 0.21584969121187608 0.7358376879283467 0.04805706677218975 0.07513228634653457
1 0.2558442053976411 0.6764681900469753 0.03573892319868044 0.08546738035782905
1 0.3848126398790926 0.7600351782343062 0.05256271034569897 0.06431218164785453
1 0.4564292271052534 0.7236771365346546 0.03711956677218975 0.07445327138419518
1 0.5218041745188287 0.7348808245383953 0.07856292069139795 0.1269753269585989
1 0.5799432834526018 0.7590210221607827 0.030778638558944315 0.0685097072787313
1 0.606710371932404 0.7448719858236722 0.024665030878812288 0.07645503206215633
1 0.6362614796125359 0.7513622785449412 0.043733279625171304 0.09706350215632571
1 0.6719034629194885 0.7671867849385238 0.03068771034569906 0.06295415172317576
1 0.7054062847062431 0.7706567945383225 0.03381271034569906 0.06314815599812959
1 0.0663223673135504 0.4301631217607996 0.016761602665567032 0.07041446581921523
1 0.07464568118274624 0.5892063290206823 0.01846049498543507 0.07884480129002563