1 0.17132057423560235 0.1481664220241807 0.16595894789030416 0.1096851773551808
1 0.16253842555950987 0.2528084686903171 0.12628001778268033 0.12952496268299923
1 0.24070196691583873 0.21932435403404388 0.07831339867609248 0.10554202267663593
1 0.35151318837979145 0.20654363804899772 0.07871150496239876 0.08056020401018138
1 0.2655670721686877 0.3399913900381801 0.22679374813797323 0.2087772053628168
1 0.4051860361890423 0.44714191339113374 0.3166225355653605 0.2597953600413618
1 0.24599081865403108 0.4749930987030438 0.07307793507002262 0.06019316000954493
1 0.40537658891791073 0.3087879380569519 0.0999315334984459 0.06675224267981754
1 0.48650019458504445 0.5809725680696787 0.1374700748547749 0.10154541335136287
1 0.46986915860539913 0.6863049580680878 0.08358309553293922 0.11809656667727228
1 0.4755690409465533 0.7653202960693605 0.049203787427387444 0.05054544000636341