1 0.788500663859413 0.8270781120094135 0.07705220022529546 0.15706820616851047
1 0.7831154520259481 0.2198014001588605 0.20629839490511745 0.09135347727182852
1 0.37446490417656275 0.2925768323846786 0.06182351153655805 0.04286933847375849
1 0.28569430589237493 0.3877023717519415 0.03278203126921915 0.04566705600635448
1 0.33820880658667885 0.46565977637832406 0.05420302483892255 0.03028751785690744
1 0.15873102825226826 0.8168756286518002 0.04380413566915792 0.09421365016215581
1 0.08707167886429126 0.8629596960222404 0.03839900012530637 0.07384660308425524
1 0.2849931295009916 0.8612762394466931 0.051648740385561845 0.02557274431795733
1 0.2966719171688608 0.7887290836024945 0.04177053587169562 0.019213650162155815
1 0.24640899193752125 0.6725040657455871 0.027546362375156154 0.03155000892845372
1 0.6918759324237123 0.6298388733734992 0.049475755894225155 0.03492047077900686
1 0.5141290448963673 0.8724473388775003 0.03214653133251226 0.0222295560063543
1 0.5075649684884862 0.9802189285690748 0.03206179800761802 0.0191045560063543
1 0.29714684908046984 0.6816705600635442 0.022522526793328834 0.025245461850553142