1 0.8842061201566317 0.5160871323300104 0.22133471181534753 0.4202146488472574
1 0.7668952528497917 0.18358517767878552 0.12827308320625014 0.2409812666799815
1 0.6632779839480901 0.3227362189147372 0.22910953780340293 0.30715129294386334
1 0.7007753711065623 0.5476959574591161 0.16181162860909737 0.18386610209707988
1 0.7173978670224996 0.7001222172285553 0.1113024823325695 0.14432114064472534
1 0.6945402888502427 0.8240238119388408 0.05766833605604162 0.1045656010137437
1 0.6419055981207983 0.841168462072154 0.06500805737069441 0.07150031519416233
1 0.37944196571197875 0.8208959157392833 0.05396145459715278 0.06301135358447
1 0.338508494397326 0.7845140236063198 0.04596711664124999 0.04956501149707464
1 0.29975511892236073 0.7599179720840711 0.028634146276527873 0.038070914201962146
1 0.24608525826503436 0.7394896328696727 0.06468074905006951 0.04824450124067396
1 0.20337238782406222 0.6072899274159629 0.05574216014423614 0.07862051864277611
1 0.3285743692067012 0.4346765679555138 0.04618532218833336 0.06506888746606689
1 0.34985257000413184 0.20074527361957256 0.04887391109416672 0.034271713706709866
1 0.4082099306614582 0.22148948010191205 0.009811411094166545 0.03163948647386684
1 0.45334059270555543 0.2374627603328369 0.028488675911805574 0.02773499688930079