1 0.354607873368862 0.44345229684543547 0.015806813335454438 0.02874779915254856
1 0.3733215107017711 0.436732715640155 0.014298857336090797 0.036984130348404656
1 0.38653003536758934 0.42479708636048874 0.011319308004454331 0.05901234829567288
1 0.3878198153644076 0.38303341755634496 0.011101132001908987 0.02567901496233955
1 0.4018914060311804 0.3835492872079402 0.014226132001908986 0.025873019237293703
1 0.40214594470081655 0.42243817609682904 0.014353401336727245 0.04531746368173815
1 0.4192789007001803 0.4130378192512479 0.014335220003181704 0.04253968590396037
1 0.42062322469763497 0.37960748378043746 0.01731476933481808 0.020511467956692304
1 0.4189152740292714 0.3574822636956923 0.012645450668363622 0.022998239322038847
1 0.4054885733609078 0.33608455964202527 0.00950226933481808 0.020026457269306915
1 0.4410720846992257 0.3991797893265688 0.012790901336727245 0.04522046154426107
1 0.45824140336568037 0.3953349880365431 0.011137494668999891 0.0312345705178951
1 0.4863936753659985 0.3977556162286225 0.028343176002545434 0.03507937180792074
1 0.5161720820337258 0.40980146450544686 0.012736357336090798 0.03688712821092774