1 0.42316363399378404 0.4411551045101954 0.01962329528527036 0.03449735898305827
1 0.5337714942090317 0.3619487283896236 0.021404119106587773 0.04292769445386868
1 0.5656036910658786 0.3822309078623043 0.03285104135632881 0.06305115386065267
1 0.609135367244561 0.37118151467961286 0.029216619106587773 0.043412705141254074
1 0.6470720148871962 0.3855201300468296 0.03128854135632882 0.0629541517231756
1 0.7297389656729845 0.374823461204989 0.09782537799792798 0.1613756838041801
1 0.33174672952672335 0.6555025703671075 0.02252997146395268 0.026358029924679095
1 0.3766225818840882 0.6360228417136057 0.026382717535011313 0.05432981197741103
1 0.40660118031251163 0.6452909122126523 0.02282106989237622 0.03746914103579021
1 0.39696931513486516 0.5763314784555932 0.01933219685684682 0.02338624787194716
1 0.40565511042013547 0.6091798011015411 0.02743579528527036 0.034982369670443665
1 0.35456349131354764 0.570617202834141 0.052726893713693726 0.04764551498118787
1 0.6657020827126578 0.08109331593194156 0.03772263192686935 0.12991182480227348
1 0.6522174714639528 0.005478319832738247 0.04662244292790554 0.010956639665476494
1 0.6397988622821623 0.22738080098845045 0.06384848428423417 0.11489419447271716