1 0.34860572663298633 0.351856997161867 0.04309668977951393 0.06016063844037571
1 0.37716779093753494 0.4295393515721435 0.04869337955902786 0.11900999471987488
1 0.3949202950215976 0.5663169276670835 0.04604115824437507 0.14941715313135123
1 0.39537619633211846 0.6966532545646318 0.07213087955902786 0.11982954607042265
1 0.25173595231604207 0.759218891648878 0.030342116641249993 0.04329161950412091
1 0.47538969823197946 0.6139999366432961 0.09379028685347243 0.30827861438090787
1 0.5327489097629865 0.683629257533437 0.033830792553055565 0.0668750714212832
1 0.6075320106366672 0.7679157900622839 0.17402068787965277 0.14450769581950992
1 0.5934863880114933 0.6685876258999471 0.08110583605604163 0.0943357703665102
1 0.5971549422480559 0.5521992141528944 0.055379790653194406 0.14739755583119463
1 0.577367159478646 0.384959842889775 0.053236715615069485 0.2106685640079292
1 0.5145398511580211 0.3660185525945221 0.07852634992375015 0.1294377644587377
1 0.49615483349059053 0.4911419759715695 0.079108231382639 0.1669964499047471