1 0.2353508792407823 0.4923312353873065 0.15044095574818703 0.10550161688177605
1 0.29289370554329924 0.4342471828976226 0.0729323858558109 0.07663641233702047
1 0.2957019900752026 0.21955475540848793 0.04982021753501122 0.040710639609947384
1 0.42600592018282646 0.24969272510425936 0.030924668320799497 0.03610759632007531
1 0.2944068939230907 0.7042934025944926 0.045826230355292895 0.10514851406887876
1 0.5771637359413733 0.734851932353808 0.09404540653397539 0.10002582034549287
1 0.7072536503332315 0.6815838392790453 0.034088209677128486 0.08197729437200915
1 0.744535326511914 0.6887065925254561 0.0421190334984459 0.08840911796501132
1 0.7484008811028092 0.7794952337591582 0.045607906533975395 0.09889851406887899
1 0.744327657157657 0.8513338690405577 0.023621590570540717 0.05050910606040636
1 0.7833238447088791 0.719842226183101 0.04825771753501122 0.04067427489134682
1 0.8113931867271618 0.7444733068105428 0.03699488585581108 0.07580002380920993
1 0.7985078889606919 0.8223619361396397 0.026566808105551943 0.09012880411234031
1 0.8428251232449263 0.7399922678492186 0.02471320967712849 0.08175910606040636
1 0.8875019224591381 0.7368619956626647 0.03121576674922295 0.044440929653408526