1 0.7194907861845332 0.7693369893119647 0.06951628742738744 0.07652001820540527
1 0.7188165440424161 0.722628408780339 0.02630994292790554 0.04270860055806407
1 0.6618580686495219 0.7234762829161334 0.0408818651776464 0.059430786502816434
1 0.6409441011145105 0.6785739737768747 0.03121576674922295 0.049840294938402085
1 0.639942373240417 0.62135137455366 0.030235463606069858 0.06849110086146708
1 0.4367638693114756 0.6393936970463414 0.09317641935425698 0.1845268309251874
1 0.20420608043634614 0.6414946207045085 0.039756012820281586 0.07340869522961947
1 0.1633049445805353 0.5563832910532438 0.04415241439185813 0.06418524942304187
1 0.5108221075246513 0.7113631666414301 0.045389582712657625 0.10390487559126589
1 0.3561196449520388 0.7820308441524445 0.04175516046291676 0.08746816968038652
1 0.25842700764848586 0.7783136909795154 0.03612159057054054 0.0569719893187401