1 0.5918694947216989 0.5285706118769478 0.03322160308425506 0.03618873931183809
1 0.6237916505658976 0.5203396371019219 0.03826365909060954 0.06672571542180689
1 0.6652388108743231 0.5252854182851514 0.05098184740221221 0.08585235576490148
1 0.6607791818154857 0.6115436813593466 0.05399775324641087 0.07661532426189012
1 0.5570365730491877 0.6219460068718594 0.05213524431795715 0.05086000823769473
1 0.5397417532431156 0.8128550238591388 0.03637387662320535 0.038633950799480794
1 0.639560521100023 0.8677101147600216 0.04292388555165907 0.06455241115794405
1 0.25750813149117413 0.518101206998235 0.04736592370110611 0.043687518109034346
1 0.3060001785690748 0.5244599289819318 0.036428423701106105 0.04330684799574248
1 0.313685993503883 0.5807794118384738 0.034975017856907445 0.05259826094350997
1 0.2547843262955986 0.6861623617293877 0.057013659090609535 0.0673782927588785
1 0.28930933075982546 0.7002092208037386 0.023819329545304767 0.03352600204517138
1 0.30506101582501727 0.6447054596185361 0.020694329545304768 0.033417239155659376
1 0.5659769707757116 0.7857421252424202 0.030396612012708955 0.06178091100176521