1 0.7553898153434169 0.4817846274156864 0.08796265663753691 0.06823534684397004
1 0.6891586272551145 0.4994151377958097 0.04128065998058001 0.04495967292769336
1 0.6511433673800575 0.5138423937273087 0.03853051975011397 0.02770850593149916
1 0.6160823979950621 0.559392315666419 0.034038465206191165 0.07283000494291585
1 0.5646163996665838 0.5718896570731816 0.07056856426490725 0.04897601087441501
1 0.725795685669696 0.4132402158566995 0.12247004117174971 0.04588018577927464
1 0.7153567251699241 0.3604972178338658 0.08183389425519749 0.0711693458553869
1 0.8387917830568905 0.42383286456410507 0.043242755696253 0.04189833992388792
1 0.839177789742977 0.4675191975679107 0.016401897598240584 0.047320668973360826
1 0.825123994546496 0.5615875325488826 0.023401617137308504 0.013200336958138336
1 0.812544213249803 0.5908439510279517 0.029590998328478217 0.011828837946721649
1 0.7229911893208848 0.5928003818643106 0.042090998328478214 0.012210839923887917
1 0.3525041592334953 0.40748094167359267 0.08919732664724668 0.04642401384016441
1 0.5424623523363626 0.41884291152180586 0.03614409237262966 0.019832338935304606
1 0.11726934899331934 0.4099878122435589 0.09967461212274369 0.0483048488211363