1 0.9856303936726292 0.8399349640185445 0.006904564934808377 0.05948913835412906
1 0.9683201627473528 0.8516782426405475 0.017432961850553142 0.02285438973311405
1 0.9073826627473528 0.8539195638155268 0.017405688311602673 0.020385253930644914
1 0.5456639127473528 0.8672238164311104 0.01123750892845372 0.027562782243182517
1 0.5222536862863032 0.8656167272344026 0.020694329545304768 0.035315008292894357
1 0.48075197889997695 0.8757816515465563 0.012690914772652384 0.017743708807023285
1 0.3568741481368562 0.8494863010262271 0.03785455600635448 0.033478040001317044
1 0.3222673230557783 0.8717382903689982 0.027080697240056396 0.04789056640010984
1 0.28165595982525343 0.8719979365844166 0.017378414772652385 0.01791611812817578
1 0.2519781424548133 0.8015136589003015 0.020612508928453722 0.027907600885486945
1 0.07914856859155142 0.8942550870956378 0.031659103084255104 0.03818643251138551
1 0.1539264261400334 0.8409079888934429 0.019213650162155815 0.04266494592658445
1 0.1519548230557783 0.8780024957041972 0.012772735389503432 0.025151116214430974
1 0.20575197889997693 0.8858963317208227 0.012881829545304768 0.03502765942430724
1 0.18631618628630311 0.8779727285836487 0.014280688311602719 0.020270314383209732