1 0.9758392955723233 0.3970400294524708 0.03607385538619425 0.03552537578791546
1 0.9328023678792261 0.41427009912429885 0.06424430718159221 0.047508288784622446
1 0.9170046510567132 0.45873446931652995 0.033003397540672094 0.04958256907518786
1 0.8942574974659173 0.48201062299667347 0.023564765027114732 0.03306870292761578
1 0.875489316747758 0.4865415761475385 0.0220477168225127 0.04479213525200322
1 0.8519927294137405 0.5015949389476223 0.0376727168225127 0.04492870402690831
1 0.8662779432111911 0.444206113755835 0.07680793969514958 0.06404946868717552
1 0.8437762293155446 0.40410198574583767 0.0361102168225127 0.04491504714941781
1 0.8075841992613153 0.46951557709407243 0.05024543969514959 0.06381730176983696
1 0.6650830818730685 0.5492587167353942 0.10181703005422929 0.0666153965673993
1 0.5813666120254937 0.5802182146347226 0.07211134933607007 0.061661080214328576
1 0.5526739854638647 0.5248012431523219 0.06587953005422928 0.06630128838511763
1 0.5403376119272978 0.4824384670056373 0.026707945745273954 0.03779085236334794
1 0.47832797043674996 0.5570163912367811 0.056513620413308985 0.06856676496055011
1 0.5148421873574586 0.6101542292662587 0.06586134933607006 0.0616064527043666
1 0.44282174161218474 0.6470846983477049 0.08772725897699055 0.059450231148857946
1 0.3684939073032293 0.674605010751413 0.05801248789975162 0.05214849695541164