1 0.5638929669462497 0.3843080057069838 0.10952177678548622 0.10250940476126673
1 0.6166900054152428 0.4450864983470973 0.024092116641249994 0.03843114427878885
1 0.6866401359242011 0.37343397997025723 0.04186149810013902 0.07242311204727273
1 0.7398015035153817 0.36889600037955306 0.03702852773541672 0.06390700767284276
1 0.8334605845374303 0.36973573861709486 0.062028527735416714 0.06506620334061851
1 0.9321344738801038 0.3516859284968042 0.057268292553055745 0.06069947655954965
1 0.9529911813270484 0.4087629185945542 0.03357621941479181 0.04508990904424629
1 0.3588255668699998 0.2818743998100058 0.07282055737069441 0.05727459625854858
1 0.44930509650527756 0.2859710707010402 0.11039329255305556 0.06316276735357339
1 0.5476516775273261 0.28659345975087414 0.06159211664124999 0.04016993778045253
1 0.7197266992788192 0.2672132011531723 0.036701219414791805 0.04523480850271827