1 0.5570932999172744 0.40714999266030977 0.041388659090609535 0.08840348625928272
2 0.696851275160508 0.47562721441943656 0.24902960957707698 0.25846324642108914
2 0.29690977637832416 0.4218726474626829 0.31980575973923264 0.31525662448570263
1 0.490447316556366 0.560113458938264 0.1024546185055307 0.2820640038148987
1 0.5590024476437983 0.6212172709477716 0.06370003571381488 0.13882822868400588
1 0.42447744317957137 0.6135817546673138 0.04788412094116268 0.1163535874151451
1 0.2847700608743231 0.6384300998340154 0.06830571509696393 0.1299742907894346
2 0.13440186809849353 0.6073976651893909 0.2286898360381265 0.254016854973405
1 0.7531303230491877 0.7379979589226008 0.0886727621748646 0.1374787862126541
1 0.09124793181548567 0.7648754692582435 0.022393197240056485 0.059599054351328666
2 0.56328125 0.25840978593272174 0.8703125 0.5168195718654435