1 0.7929126452029809 0.6839592453575012 0.028243174668034852 0.03785714958569852
1 0.852260374125742 0.6886064974667055 0.023528403590795933 0.02923280983993395
1 0.8319660548439014 0.684311969698352 0.018895445745273777 0.045608470094169386
1 0.725697874125742 0.6964636706023488 0.026635222872636886 0.023871258559332552
1 0.694402422330344 0.7122926022407793 0.03918976502711473 0.041313942325815686
1 0.6522512837666625 0.7038005488415492 0.04085225897699054 0.07196650001884848
1 0.6209831030485032 0.7112961471466462 0.022029536104353653 0.048580252146901315
1 0.5975546934075828 0.7099734014310246 0.020485216822512697 0.054038805564979635
1 0.5678671934075827 0.7118164420430891 0.032948855386194256 0.04370371155368515
1 0.5366081030485033 0.7165342625704085 0.02353749394987581 0.03201058761771189
1 0.5038683259211402 0.6963490852352048 0.032967036104353475 0.04925926710924086
1 0.47746945238457333 0.6479981215723151 0.028315897540672097 0.060079371807920744
1 0.47419900663929937 0.6926365702917138 0.026653403590796286 0.02942681411488811
1 0.35410467525721023 0.633439068210782 0.029878397540671918 0.06017637394539766
1 0.32755126561628983 0.6323103267701146 0.020376132513557365 0.02070547223164646
1 0.3056671752572102 0.6364461344725714 0.018895445745273864 0.045608470094169386
1 0.2885433077707676 0.6180687135403748 0.01726022287263689 0.023289245734470082
1 0.2760160366935287 0.6271780639735247 0.014153403590796199 0.02865079701507148