1 0.10881968797656205 0.7911951131212464 0.031904616641250036 0.04252665867657047
1 0.15473225323104126 0.7520666693078246 0.03052395459715278 0.054250091000958046
1 0.1900157898001732 0.7435434271229737 0.036410278685347255 0.030830540107164156
1 0.22301012775607595 0.731519543493795 0.02707164627652787 0.03309601668259704
1 0.32441028001652744 0.6402699164799427 0.03023301386770836 0.03547074827795335
1 0.4421082327138192 0.5054564906442367 0.04589438145888884 0.037954734893234025
1 0.5128220826375692 0.37809502465437284 0.055705792553055564 0.06620569024268418
1 0.35378930870187464 0.6095008323214857 0.023983013867708357 0.03541612076799137
1 0.3809882415475344 0.5681888531975743 0.03662848423243057 0.04491504714941781
1 0.5112589294271872 0.42857133666119324 0.019477351823611145 0.04711223933739782
1 0.5402385678199304 0.3731611936175378 0.022311411094166723 0.02836021036937411