1 0.9080779944289693 0.60546875 0.17827298050139276 0.0953125
1 0.8048595687796234 0.6587287487854793 0.1808358137663062 0.17359323295387147
1 0.6458523011159226 0.742341864044599 0.13105098578187482 0.09500458279171564
1 0.7177267662599282 0.8135350255708405 0.0965551322208142 0.06030230032431163
1 0.6163094989616161 0.598837325895152 0.18935232210579445 0.0893273271096728
1 0.47753404477881334 0.5267362293037188 0.17898820243685706 0.11421823295387128
1 0.43698411025548106 0.6115339691574491 0.15514819664938348 0.0640000446422686
1 0.21809531236767396 0.6511885787345258 0.2518491929225226 0.12898984496658022
1 0.3587324762060865 0.6935749017870089 0.14444372752502138 0.07795345048646744
1 0.3225866599048234 0.7408180945628384 0.12245133306699711 0.08711026217486459
1 0.6632084057380165 0.5389850389635211 0.08463512932707734 0.03519320616851011
1 0.6712277654297414 0.6623816286550956 0.12431304272260672 0.057450035713814886
1 0.41330018086955966 0.656310681008002 0.0878096154536115 0.047720479707460586
1 0.6036390283170141 0.6841435803593789 0.040164126903279244 0.037881829545304765
1 0.8651096451114755 0.5354452073896214 0.06048929710879347 0.06463524431795716