1 0.5811572923012289 0.09950185220486078 0.13743947458426656 0.11609908510611118
1 0.4612712955239316 0.17161454796829836 0.18125049481981415 0.14644120174736122
1 0.5809336599903014 0.4390728452710066 0.10541769954644473 0.04222517401194459
1 0.46626415835903967 0.45646167344326366 0.09911320876105899 0.056178571238402954
1 0.4054511374232644 0.4308629146095484 0.07790447456037426 0.05428876291777769
1 0.6058162990489635 0.3895086031547913 0.08972353739955691 0.05603310087368065
1 0.48835226421568434 0.3483946003049997 0.165906565576535 0.07750936379145842
1 0.45225793506396195 0.2763565993550692 0.14008496933240355 0.07710932028847228
1 0.3483828258055756 0.3115323395714234 0.17109324308111362 0.0869570989738195
1 0.3423726722844181 0.40373802336701364 0.08980551103686135 0.05759560087368065
1 0.24211188235449932 0.23589786635690957 0.07110814195116122 0.05886716014423614