2 0.4875 0.274004342670184 0.975 0.548008685340368
1 0.5650586419478205 0.5534262525577529 0.02374658267027243 0.03785488152176149
2 0.7820643286123661 0.5806768096301702 0.39620338534372673 0.11714063909394518
1 0.5398131939449571 0.5824190572971137 0.023710220003181702 0.03346891660948079
1 0.49665353994272987 0.6043927101797321 0.05039998933799979 0.04947053087215561
1 0.42783081460854805 0.6114803793533251 0.06593408267027243 0.03888840510303762
1 0.7946092346037756 0.6698179676387004 0.028634077339272323 0.0620925244927805
1 0.8325723112667303 0.7091329875745367 0.03388519867918127 0.13018981658660653
2 0.6465711765993213 0.7122532666831816 0.12463746801399936 0.1477608555467747
1 0.7620779979312758 0.7293402728338134 0.04563976400381797 0.0405837650941193
1 0.7296922119271396 0.7713187183798037 0.02374658267027243 0.03785488152176149
1 0.7576263079249126 0.795034049890128 0.025163632001908985 0.02034930052379698
2 0.9234375 0.819078947368421 0.140625 0.34868421052631576