1 0.41469738394326566 0.35783141990737544 0.12909227767481415 0.16353621418817985
1 0.43964530944116154 0.2677516512985338 0.04765873920022692 0.09292549466449176
1 0.3485341814035277 0.44177670840222183 0.0594494110699257 0.06566209480671396
1 0.38446175771973035 0.47146400931423127 0.055689494009550256 0.10168374209380619
1 0.004598186845823314 0.5709051820475177 0.009196373691646628 0.03265772101134755
1 0.17838782859363728 0.6842105427156971 0.0336855192372937 0.03508251154354605
1 0.25814725046333614 0.7093197431299287 0.032232146641955416 0.039288308866193895
1 0.3457489433844273 0.6417024256627892 0.022911710344286275 0.04111883748293157
1 0.36977423122604247 0.7397967248286521 0.030724210344286275 0.04136644661437342
1 0.40209565790506474 0.757905702646808 0.04127976442797028 0.026819482377115803
1 0.3323287949283733 0.738857589085106 0.01778770072563942 0.02394899540832144
1 0.5710738695152954 0.37838639125900647 0.04080853847458741 0.06932315204018918
1 0.5903819194226282 0.23427415171952648 0.043353185116542826 0.1076705462069031
1 0.47904010382138074 0.740585516137399 0.017261911069925695 0.06432500549692674
1 0.5008233345840871 0.7739100028477063 0.033521828130301044 0.028699532820142037