1 0.9639010385564841 0.3047092078039814 0.050818206168510474 0.084884894660286
1 0.9239345576312076 0.31844560823639684 0.04944662094116268 0.1042808528132631
1 0.889505010553307 0.3250678622042324 0.04656708279171582 0.1291838802303286
1 0.8565015957806544 0.3455305187694895 0.046485262174864775 0.12085054689699533
1 0.8210589736216759 0.3757881269941698 0.04629434740221221 0.1014061024525508
1 0.7927566956184986 0.3947164357961362 0.03842730032431163 0.09560811543965902
1 0.7652629411542718 0.41084272367459124 0.038645488635914306 0.11783033766188108
1 0.726309535310073 0.4009437698501619 0.08370461850553071 0.252521287156298
1 0.6715538514626973 0.40958523449596085 0.08504893019392804 0.23034755122554315
1 0.6193055588490235 0.4014873030378922 0.05758640340856651 0.1378566176039328
1 0.6261498482162864 0.4998559826916669 0.054079573863261746 0.09887075613210941
1 0.5136186205374208 0.42698234993415524 0.03157728246740401 0.03430305916267887