2 0.4085506344023092 0.4243579568291426 0.8171012688046184 0.3170703440380321
1 0.14813700547678335 0.5882593385394658 0.08793792069139794 0.11463326382165978
1 0.2750261144105565 0.6183781576685237 0.04079013605166191 0.09767564926300991
1 0.8204810184089071 0.5439472460425329 0.01768760517284953 0.0284962730174964
1 0.8493190722489731 0.548834821433869 0.04083560015828454 0.10020729483263016
1 0.22416229638472557 0.6645938329409848 0.10662573620994645 0.19882573937080175
1 0.562040381103604 0.6127351447780036 0.02149456677218975 0.06658880597119547
1 0.8198899850228122 0.5768586384475961 0.02081260517284953 0.02861412242689168
1 0.41358850923770707 0.6514705576524339 0.053381064264907255 0.10321033803983125
1 0.462094205397641 0.6494997551436293 0.046858279625171126 0.08778476580331947
1 0.3429122963847256 0.6690721104980033 0.08936402837152997 0.10709725181749652
1 0.5316481874509524 0.6508560817178629 0.023983069279472247 0.03126361740590721
1 0.7197619528903585 0.6237498310917028 0.013682066772189572 0.06629418244770742
1 0.6522562041439999 0.6389375877770473 0.021585494985435005 0.07165209711043598
1 0.499321420757905 0.6661038214740935 0.025454641066226812 0.026259250971364202
1 0.6073839733443297 0.6562455754653173 0.04534124373179367 0.09025748666824193
2 0.34296875 0.22306055495960667 0.6859375 0.44612110991921333