1 0.471875 0.19495412844036697 0.0640625 0.1651376146788991
1 0.528125 0.12844036697247707 0.0515625 0.14908256880733944
1 0.525 0.24311926605504589 0.04375 0.07110091743119266
1 0.525 0.37844036697247707 0.0359375 0.1651376146788991
1 0.5625 0.45871559633027525 0.04375 0.13073394495412843
1 0.615625 0.4724770642201835 0.0578125 0.07339449541284404
1 0.6203125 0.5642201834862385 0.09375 0.10779816513761468
1 0.515625 0.6261467889908257 0.025 0.06880733944954129
1 0.509375 0.694954128440367 0.01875 0.04357798165137615
1 0.51875 0.7385321100917431 0.05625 0.05733944954128441
1 0.571875 0.7821100917431193 0.125 0.02522935779816514
1 0.58125 0.6834862385321101 0.0328125 0.045871559633027525
1 0.609375 0.6467889908256881 0.0296875 0.01834862385321101
1 0.671875 0.6788990825688074 0.0234375 0.03211009174311927
1 0.675 0.5779816513761468 0.015625 0.05504587155963303
1 0.68125 0.6330275229357798 0.0125 0.052752293577981654
1 0.2625 0.8738532110091743 0.071875 0.022935779816513763
1 0.3296875 0.8876146788990825 0.059375 0.011467889908256881
1 0.546875 0.8899082568807339 0.0765625 0.022935779816513763
1 0.75 0.8325688073394495 0.0546875 0.07110091743119266
1 0.7359375 0.7706422018348624 0.03125 0.0389908256880734
1 0.775 0.7660550458715596 0.028125 0.07568807339449542
1 0.8015625 0.8073394495412844 0.025 0.04128440366972477
1 0.8078125 0.8669724770642202 0.025 0.02522935779816514
1 0.8765625 0.8715596330275229 0.0625 0.016055045871559634
1 0.925 0.8211009174311926 0.040625 0.05733944954128441
1 0.8890625 0.8096330275229358 0.0390625 0.02981651376146789
1 0.8484375 0.8302752293577982 0.0171875 0.011467889908256881
1 0.825 0.8165137614678899 0.0171875 0.045871559633027525
1 0.89375 0.7775229357798165 0.0171875 0.020642201834862386