1 0.5238045623266825 0.7259698134596182 0.0466126415051171 0.10636615735247551
1 0.5910016003122086 0.7369934148848065 0.015977246915709807 0.02851733244172891
1 0.6202028933230064 0.783519733995089 0.029979805296328654 0.02216437015436608
1 0.7709429851871253 0.7470773087303502 0.025339602056667264 0.026602209865002967
1 0.48717462837920106 0.6454632504022529 0.038214274739088026 0.05730470690887323
1 0.44424789952116167 0.6343259690181249 0.05037080503148496 0.15986544750671466
1 0.3565933483756063 0.5655464281933542 0.15934333028423506 0.11586728503965217
1 0.37940005650250047 0.4237664047159064 0.0555027002409551 0.19719094886336316
1 0.3350079495173791 0.47060000844983113 0.04032554437690389 0.1037759297122109
1 0.31188273845134146 0.10746961867216515 0.06552856533084643 0.11877721150296787
1 0.29049073633836714 0.2620781735376374 0.08070572119489755 0.21219223065412018
1 0.2924909639675139 0.4246599428429653 0.041999754486000775 0.11312418267796158
1 0.22175429221997947 0.44830410462780695 0.11412381602691007 0.12783059404448524