1 0.46022576082055267 0.4134747758147284 0.04029003087881229 0.08320396749002157
2 0.31599002751360017 0.43657335796683305 0.24532452335696497 0.21586459843813452
2 0.7164363083924125 0.5098263711944211 0.31471102084968267 0.2601084592693532
1 0.5135757328447342 0.5845779107606269 0.09609741316955045 0.26428819254474395
1 0.44066107007089494 0.6213062476906482 0.06128449247815269 0.12939685985312557
1 0.5740646034569898 0.6579249533465258 0.04538670783841638 0.11074941919858049
1 0.7110477779093115 0.7249605123349089 0.06427310015828454 0.12032146993525417
2 0.8621472766556704 0.7428785636770835 0.22496655925034226 0.21235463290429882
1 0.23904474577685791 0.6746808480694485 0.08458560015828454 0.12078265498128499
1 0.8912103025199178 0.9099584023692346 0.02117631802583091 0.05838801431432351
2 0.4555944336235217 0.2179345912188914 0.9018138672470434 0.4358691824377828