1 0.97734375 0.4812206572769953 0.0421875 0.08450704225352113
1 0.8773015807208612 0.553982981781359 0.023801126670908702 0.0481779613670802
1 0.97734375 0.7276995305164319 0.0421875 0.03755868544600939
1 0.7515845127307242 0.669777775980494 0.029942038669636163 0.034421348874045236
1 0.7194169027291335 0.6538526017424208 0.036210220003181706 0.03709666126363912
1 0.5555265780553611 0.5837803491881665 0.02518181333545435 0.02478575660062904
1 0.5170538767106798 0.4601608620233823 0.017351132001908985 0.022028470573730585
1 0.46219420138445216 0.5417094238002768 0.017460220003181703 0.03611297761598398
1 0.42056013737268005 0.4135590482293506 0.017514764003817972 0.04315523113711087
1 0.26547374271958846 0.5719911537438453 0.01900453866963625 0.03384753341291309
1 0.8466601080521794 0.53328099822523 0.034793170671545325 0.05579403034933911