1 0.16545253954332698 0.32843621789513894 0.05024935079830275 0.14867681096624036
1 0.2063640410262017 0.3396755743169899 0.05331068380210837 0.1459960057713971
1 0.24971479300336813 0.3550088679683066 0.05174818380210837 0.14594751947992984
1 0.2913438774900484 0.3634462034666462 0.053183349809719616 0.14044045021584156
1 0.15643963688158863 0.44685542063669903 0.04259867688202612 0.08737175468926005
1 0.19741480536065778 0.4608725548363278 0.0459146778706093 0.09580206060552807
1 0.24127489330737922 0.4984280707098667 0.04693334980971962 0.14024650504997252
1 0.279842644790254 0.5097401565689186 0.04855951680591399 0.14307276911921746
1 0.4677445514063251 0.4191268499334229 0.0404286818249421 0.12894144877299235
1 0.5015929693911026 0.4291955057779876 0.04836851581733086 0.13473943578588413
1 0.45964023273697546 0.5430773650848049 0.04167284684397003 0.11510104617557065
1 0.49355231771794744 0.5559237987071475 0.04199118182494192 0.12898993506445955
1 0.5298227401513493 0.6034439682602449 0.03746550790866543 0.0677818513704139
1 0.5652973251323212 0.6162419155911203 0.03708350593149916 0.051115184703747235