1 0.5186301793045922 0.27885461052555144 0.09622156667727211 0.10743601538477583
1 0.4123705412953654 0.3726796817314057 0.06486247867599956 0.09423109786489926
1 0.5993160106222293 0.43434000712062143 0.0241829346753633 0.08723419661448367
1 0.640113733290911 0.41357191942952776 0.030269302673454134 0.06826501062693358
1 0.5077097659532294 0.4590872722221923 0.027289753341817758 0.08516485785799675
1 0.4692648839513204 0.4787590588959054 0.02254770934118149 0.07873496768764238
1 0.43318193328295684 0.49627522251833955 0.020948846674090582 0.0744730268963943
1 0.6066007046069573 0.5867467903958757 0.01798747867599957 0.09349151819525409
1 0.6098518792568671 0.7540457137848434 0.02585452267663584 0.09997071367691805
1 0.4734427592695939 0.6290965034146727 0.021021572008272215 0.08294760316758075
1 0.5150308226050483 0.6072567673618534 0.024110209341181486 0.07875962034329723
1 0.6489700179424117 0.5648947280152289 0.019459072008272394 0.08292295051192601