1 0.8165872661572507 0.4253395015998454 0.03552083774894825 0.06011148505902039
1 0.7845560161572507 0.42699641570787195 0.037410719962933214 0.07685897680412729
1 0.7962772553574776 0.3070670207927856 0.0321230192372937 0.04606094601325089
1 0.8562673250502583 0.43161179543295053 0.0183333377489479 0.05922240919617694
1 0.6374454031805593 0.4068566078427046 0.031051592558271324 0.0709801209348105
1 0.6091939176085296 0.3750185384605173 0.029598219962933214 0.07645485141192568
1 0.5711854861201839 0.36310986399341627 0.034231156260602094 0.0739195488694689
1 0.5380728857573642 0.3800849684184408 0.03423115626060227 0.07391954886946905
1 0.6089136646133048 0.3098215857611798 0.025982146641955417 0.05129320125504522
1 0.5737846964644702 0.3102512611371982 0.03820932813030105 0.038050912993678784
1 0.37796376497612444 0.3065059195925697 0.06709821996293312 0.07839465329449351
1 0.28722963757146275 0.3167493296976639 0.033958337748947985 0.06003065998058009
1 0.40857141343217834 0.17866217929175499 0.04905754809323426 0.11353586346432078
1 0.5866095563611188 0.8493166627383713 0.038065484390903494 0.11019231013746093
1 0.554851124872773 0.8370846879575089 0.03650298439090349 0.11011148505902055
1 0.5199676933844273 0.8250143633335272 0.03946429328391084 0.10193980188256767
1 0.4897717618960815 0.8127015634742245 0.03294147477225664 0.08772761267991756
1 0.3402181951985258 0.7580011835437157 0.0340674651536097 0.06558621553613572
1 0.30541660926367636 0.7417641922530672 0.030451391832631992 0.04042456537925495
1 0.2735490503706689 0.7350877730277605 0.025982146641955417 0.05129320125504522