1 0.44453125 0.9440639269406392 0.2296875 0.09817351598173515
1 0.3768929257264057 0.8809686782891987 0.23294095941492116 0.14351835345210373
1 0.35703834739891693 0.7883435322669808 0.11383640340856668 0.11282850170408379
1 0.37716388676617985 0.707472620628734 0.044540932629559826 0.06658196172307475
1 0.4430849415547183 0.7982065017637902 0.06301819724005639 0.04391030409232481
1 0.46695131533855 0.5073430588909402 0.06073867694751698 0.11465999436716053
1 0.49673645251506215 0.2541973384024244 0.11567163879807012 0.1356728346488579
1 0.4030313169634031 0.19176318115641564 0.043087526785361166 0.0757010990979356
1 0.551910922076253 0.36081997568205443 0.09357845048646726 0.11722203643572236
1 0.5105143547058129 0.42667138799964394 0.07798072402541756 0.1193723142939197
1 0.5053786156628616 0.5852874148623167 0.06707049756436803 0.12156244030150724
1 0.5614882938281945 0.6394119193332961 0.07249438311602727 0.18324612406733554
1 0.5842048193957398 0.775435984863999 0.05489778003177222 0.14885343884377272
1 0.6236355121715693 0.8065899705838024 0.044459112012708954 0.059732646654581605
1 0.692276418015768 0.7980419900168664 0.08006142126547414 0.16276459244417302