1 0.46853601748447027 0.48906790130641686 0.07484688730530316 0.07533788061669291
1 0.5298516022033486 0.551030571369067 0.05145485141192587 0.07686574710652073
1 0.6294400767348126 0.6542106268789782 0.045523100158284535 0.09307912496233726
1 0.7091419486007094 0.698049595299062 0.03211381802583091 0.045693674101199844
1 0.4869162929530063 0.3900129209275958 0.032613923198680436 0.0715152703453313
1 0.47545961889639604 0.5643765008468968 0.04515938730530315 0.07429978223933231
1 0.47728654334871773 0.6183944295538868 0.038227425705962936 0.03886996760688593
1 0.523266633082161 0.6141376692756919 0.044522889812585474 0.04143593247407409
1 0.47819582548117134 0.6653427863613987 0.058903638558944316 0.05835958816703197
1 0.5392242536944167 0.672168455553574 0.0244831744523216 0.054810161679186266
1 0.59848559342786 0.6683761077073559 0.029534387305303157 0.07375341467230073
1 0.6763294486007094 0.6969022234082951 0.03202288981258548 0.040998838420448665
1 0.42987198574772806 0.6695175915045389 0.032295674452321774 0.05508334546270219