1 0.5784215505413608 0.4104393131851583 0.14793269780928675 0.2144481956662576
1 0.6145288836108864 0.5595386188609023 0.06026756175762493 0.12541597690865472
1 0.5499124541439999 0.5491305456327158 0.06780727711788863 0.11172514803157038
1 0.7675653039065731 0.6801427955425292 0.07143238229073816 0.13712439251760306
1 0.8627186795333938 0.6865718295019436 0.02654577962517095 0.07876999275462082
1 0.6611130639357029 0.8109579972837598 0.06823317445232177 0.05414827257873405
1 0.633738221694977 0.7734221653999892 0.021085389812585474 0.03951905229285279
1 0.5831615601747793 0.7639248652565451 0.0438696719450391 0.08597735816512758
1 0.49995425508107194 0.745774010096628 0.11151181301126592 0.11017171369317039
1 0.4543749821198183 0.6809101428249058 0.04400606426490725 0.09288980056144094
1 0.41890649505194205 0.6181761503284162 0.06350021034569905 0.051763691563970884
1 0.4063095551602142 0.7024652110986549 0.06947742570596294 0.03804605150377816
1 0.4137212383880245 0.7622255836929407 0.052153533386094963 0.030838686093271412
1 0.30998012443968637 0.6764777348661278 0.04050063103709691 0.1527172011134978
1 0.23197714489365753 0.7112150266788461 0.03243206677218975 0.060444057763552266
1 0.19112482436054412 0.7234328547668556 0.03234113855894431 0.05583576283267669
1 0.054224217934053374 0.7349954231505997 0.06275606426490724 0.0932115347587427
1 0.11226403846716679 0.7224826720483966 0.03716503087881238 0.06282863877831568
1 0.28004257185326165 0.689659958405097 0.025938025864247472 0.12713027834570573
1 0.2610425192668369 0.7026545036623066 0.0171253155185485 0.07630497819053177
1 0.41011651675955446 0.6678493767508712 0.02880696159934022 0.03504481327751959