1 0.39106154273575666 0.48739614323471775 0.030505955534962846 0.04381719631589947
1 0.3007093612474109 0.494720257404896 0.016334328130301046 0.03724296882123371
1 0.28942712086605776 0.5160935863445264 0.022420637023308564 0.02936237857194928
1 0.36586064609380126 0.4356417637840278 0.02074900961864685 0.0236936372453815
1 0.3753373390148923 0.5209299148613112 0.025436509618646852 0.02403319455841818
1 0.4308780108845912 0.4888934915066413 0.017896828130301044 0.037356154592245935
1 0.50516868275429 0.4582152974041182 0.011810519237293704 0.045236744841530195
1 0.6135417218618496 0.7725734098498651 0.019950401451278667 0.06246934036325816
1 0.6211260433687288 0.7218070427015437 0.025709328130301044 0.03792208344730707
1 0.9150794292109111 0.912304040554267 0.02236607332097762 0.026584600794171503
1 0.29513393992586623 0.17116573917929104 0.01795139183263199 0.040133932370023634