1 0.8693698073679077 0.3508493512524104 0.07856135200509087 0.05691705548377773
1 0.855815837364726 0.31686392345353137 0.05343408267027243 0.04025966180219552
1 0.8627749093729982 0.4059490029507559 0.025290901336727244 0.03725235935663954
1 0.6473135413749072 0.43205609439261866 0.029978401336727245 0.03737218817765709
1 0.2292998853834977 0.5354381479412739 0.04760225334181776 0.09273146898820717
1 0.18921068738063418 0.5055642444073368 0.05534202800763599 0.08377786561209984
1 0.16635499005408844 0.5793899331348501 0.0364102146721816 0.06041525513352175
1 0.04055555872054298 0.5803170103127026 0.03788180800445434 0.04901355047660697
1 0.5445981687221337 0.5845978834492009 0.03928067600254544 0.028458527741888864
1 0.544551620703362 0.38204077803746594 0.08046929734245403 0.10043525929368217
1 0.5807987507160887 0.5184418330468826 0.028597714672181595 0.06021554043182587