1 0.9233904557614732 0.2904602510403524 0.044977309252764996 0.10375388007717173
1 0.8895609265404799 0.33707855941267567 0.05147277110331849 0.12442001878949507
1 0.8507614793004233 0.2951927499347464 0.05095457386326174 0.08123820060767677
1 0.8540870767026357 0.37693158428126156 0.04316934740221221 0.08324643630818193
1 0.8165910308425509 0.3134019673979788 0.025518197240056394 0.044028191212929356
1 0.7497501785690748 0.4748204023244435 0.03234094155801355 0.09196705719797985
1 0.7113695170428332 0.5329610420037365 0.05407957386326192 0.08134399723656571
1 0.7636002187471166 0.586897215808888 0.052407979707460584 0.07220018983121215
1 0.631374099834549 0.6402572089003022 0.04788412094116268 0.08567785852424249
1 0.5191741087630026 0.6690658875403025 0.03667388555165907 0.06258029759585859
1 0.47700419967239316 0.6068313292367167 0.07282957386326191 0.081978777009899
1 0.4823717637964224 0.4679569231853529 0.08810001785690744 0.05296230560888892
1 0.4112916505658976 0.47150016012893886 0.020748876623205348 0.03705131445141412
1 0.38025193059766965 0.6203382974595449 0.016061376623205524 0.03689261950808083
1 0.3665985336819248 0.6549052913804541 0.02247501785690744 0.05074057640222236
1 0.327177523535655 0.6914814711260603 0.0782261858759707 0.14122838104414137
1 0.27588775892515843 0.7159543882299997 0.022447744317957152 0.04846784912949509
1 0.4796849147693571 0.6999602491040904 0.05506932954530477 0.033669622823737456
1 0.41943893587267544 0.8247770052519187 0.024528441558013724 0.09170256562575761