1 0.8439654392902746 0.528814367616974 0.014207950668363622 0.022804103681111108
1 0.8167125959580019 0.5160569148981469 0.048637494668999894 0.03255981391395074
1 0.7863438432925018 0.5020398802812952 0.018968176002545432 0.034109175278518616
1 0.7676938406270019 0.4875379444487025 0.02681703866963616 0.03998799831123468
1 0.7428302006285927 0.46773906704228285 0.03166817067154533 0.06518195879753093
1 0.7163949699634108 0.4493937320201841 0.03951703333863606 0.07106078183024699
1 0.6882063352960017 0.4602797171601842 0.047347714672181594 0.07416182708518528
1 0.6446199672979107 0.437090015032283 0.048837489337999786 0.0631153694695063
1 0.6119256459659561 0.4203921828808016 0.04264203333863605 0.07119008882111125
1 0.5791222366327288 0.4203610173959868 0.03317612667090906 0.05691327895962972
1 0.5526324619669106 0.4103490157072214 0.028434082670272608 0.04838598513999999
1 0.5293040499681834 0.39465215147203625 0.026889764003817974 0.051099109422345794
1 0.5105722313017287 0.3926502156394437 0.019022720003181705 0.04244250861185195
1 0.4824654126352742 0.39103620077944373 0.044040901336727244 0.04625474231654323
1 0.4504432533020468 0.3909727085469129 0.02205681333545435 0.02868292671382717
1 0.4254614346355924 0.3892293866960488 0.02361931333545435 0.028747580209259303
1 0.42421656063018354 0.46009504677709806 0.020657945337363516 0.05361827321839504
1 0.40257791796627435 0.42488908460203645 0.039317038669636165 0.040505226274691435
1 0.343539272636865 0.3759570285395674 0.03501134667409058 0.09864459912172853
1 0.30840120397041043 0.37463395440901187 0.0473840773392725 0.07971738264074082
1 0.2741352919716831 0.3593896646418514 0.03804544000636332 0.08488501722370374
1 0.24001483064131932 0.32192315265246874 0.05730451734563573 0.1634386369466668
1 0.14897165996977413 0.38956194427641955 0.050509077339272415 0.0798466896316051
1 0.10471312997295579 0.34973790222956774 0.0661522586728179 0.08327100236370373
1 0.06854891064609185 0.26653503714999993 0.058430665340545127 0.09683662377543219
1 0.0353091493077739 0.33317053833185184 0.022274989337999783 0.0620162600471605
1 0.09581139198759148 0.15849148328320972 0.04785679201145401 0.151939604862963
1 0.045838663987909645 0.15639372847037028 0.050854522676635906 0.1326244674093828