1 0.5396859466165086 0.3799692617738701 0.0612850098858317 0.0795101249763615
1 0.4876141106469534 0.40319866632520934 0.0565975098858317 0.07924423079241417
1 0.6233751971108001 0.3714203755611581 0.061412343878220456 0.08458626710834119
1 0.47915035323257965 0.4607041065859019 0.04827567391627667 0.05849650529124986
1 0.43954668376492734 0.48449349551304327 0.038837006920082115 0.05542664585736537
1 0.5831083413695815 0.5460477301253972 0.03083350593149916 0.04736927568615029
1 0.22270008197804136 0.6387236605780776 0.07027800790866542 0.06481348694831705
1 0.4912245888981236 0.5702681997072937 0.046394838935304605 0.045717518566651516
1 0.30222841448755544 0.6405486371159478 0.037049013840164416 0.10854887545385396
2 0.07723366205327852 0.2785633541254127 0.15446732410655703 0.43272100748521514
2 0.41914263635011595 0.22978001949580354 0.5992147272997681 0.4595600389916071