1 0.49957287155854946 0.277907114128422 0.07946200692008212 0.050214366722990046
1 0.5721827006080223 0.24789163771595715 0.07834517589344295 0.06671007938853019
1 0.6885743631555924 0.2194396028947818 0.018206171939110404 0.03788678332056726
1 0.6757069486308559 0.2346531605518735 0.02713550296574958 0.021459677138646754
1 0.1427896082498576 0.7758344120878644 0.04926517095052709 0.03108573755693314
1 0.1866205212917193 0.750282072818082 0.04164367193911023 0.03809260277142651
1 0.23424493779362213 0.7495213270851436 0.051973676882026074 0.07355228904233646
1 0.3320776013297754 0.727980108401394 0.041580004942915846 0.035734112205388774
1 0.4081798449039848 0.6826687465514937 0.09581651878308044 0.13524351877086413
1 0.7005729333449977 0.7217843721640955 0.06240184091247088 0.05478041359110203
1 0.7618168394667773 0.6468683865682081 0.050758686767857955 0.14427956343002038
1 0.7445630138773455 0.7021282593094075 0.03484984387822045 0.07575984534441071
1 0.7982809214819998 0.63775687477707 0.049612680836358794 0.10182673324134114
1 0.8337555064629717 0.6498580567835476 0.03277800790866543 0.05687819951938475
1 0.8634111729648744 0.6489395161382837 0.028281508897248387 0.06391250732732627
1 0.8910560119001791 0.6892671178052324 0.029780341901054184 0.06156773805801234