1 0.7996145889420205 0.49896176552448823 0.026363923198680438 0.07151538134229174
1 0.8089297529695008 0.5428329643121651 0.030596782132453627 0.048246111588102776
1 0.8387847375300946 0.5758550113794211 0.03537521034569906 0.05314585591842099
1 0.7416142208370472 0.5868784485841441 0.03381271034569906 0.05307755303523207
1 0.7720435184089072 0.5095035542705586 0.038272889812585476 0.04154537248292104
1 0.7625010338483132 0.47736944468475967 0.02550010517284953 0.026914442375155584
1 0.7105006131569154 0.5784701373992374 0.029670779625171305 0.08104165847017207
1 0.09962529763836682 0.6292968016879199 0.08721049498543507 0.06948435810591169
1 0.036903471859579276 0.7075506018533175 0.07380694371915855 0.08074332712546649
1 0.016780014219018466 0.6455273461973117 0.03356002843803693 0.07675664008855484
1 0.6597875593168493 0.5727291669350313 0.021540030878812465 0.06426821917159793