1 0.5673923692921075 0.7746129267741197 0.07234166442319179 0.18841702927165813
1 0.5114295257977405 0.8313065664699056 0.054579851411925874 0.07676688582452355
1 0.52881560259906 0.759885636039505 0.030960494985435006 0.06687460904244703
1 0.6286541297169487 0.871906362717662 0.0727388180258309 0.04629208165776754
1 0.629307347584495 0.8244854242023324 0.08193196159934021 0.03697885019050342
1 0.4683614873970807 0.8676236505863377 0.044704746239076346 0.05053509359510522
1 0.42309445150370334 0.8707929528389526 0.03978992570596294 0.03860403160361866
1 0.3486483809705899 0.8602543569616576 0.022329641066226813 0.024082712674329723
1 0.32370821694310953 0.9045481836968233 0.013636602665567033 0.059462294852494595
1 0.6648931580884787 0.9684561419206955 0.07724446159934022 0.03689612943124435
1 0.7213932106749035 0.980496668165039 0.048619356426490866 0.010333454164790553
1 0.7035548413162889 0.9061416410594119 0.022647889812585476 0.040670390399448204
1 0.4620121989964209 0.9032927554219086 0.017642141066226812 0.023999991915070927