1 0.28760585155957163 0.7978000586410012 0.10491448109483507 0.1304329346753633
1 0.1681731091661895 0.7682040126511825 0.1362799658815993 0.06973179201145392
1 0.12544126384473442 0.7138346859882277 0.09872178561425389 0.06633407200827221
1 0.7751340659453178 0.8598706079328668 0.13933267842138095 0.09943747334499946
1 0.6680695422024818 0.9043933146085482 0.10563998294079965 0.03513861600890848
1 0.5741595464672818 0.9136688646165023 0.07055271253978149 0.030196577339272324
1 0.5802812681095345 0.7191194332829569 0.07415813761934459 0.08958975867281786
1 0.5231731091661895 0.7656222632877293 0.11491448109483514 0.1305056600095451
1 0.5438840659453177 0.8615523812858203 0.07392541654996279 0.07708975867281787
1 0.46743393800131516 0.6043307746260472 0.10369269548058128 0.0648079346753633
1 0.6651657833227702 0.6575728586091845 0.12255993176319863 0.13837270401018137
1 0.7534939763845159 0.6795836712683212 0.10375087574792645 0.0679329346753633
1 0.9616784702737513 0.5741774612508219 0.05471260165497938 0.2534886266709089
1 0.9545831049013894 0.7538922332511401 0.05901268695098111 0.08166817067154533
1 0.909062985486987 0.513630859922049 0.10674540802036261 0.09451361600890866
1 0.8751428234245837 0.18735926125877617 0.140321742966253 0.15256247334499945
1 0.7523655914067663 0.2702723059357302 0.18357633494589037 0.05913973734881743
1 0.5663910719287305 0.3239614746180931 0.1666581376193446 0.09026246801399936
1 0.04593667186509712 0.6206755793284547 0.05081452374283593 0.04411362667090888
1 0.5583930366645881 0.6192921559516386 0.11956539949076245 0.11179202267663584
1 0.8820293033736769 0.42165244525782164 0.08087270401018146 0.04745680267345431
1 0.9457612553151342 0.6906837085853219 0.06601815467854494 0.055160214672181594
1 0.9025467955442997 0.863630859922049 0.12125087574792644 0.06806020401018138
1 0.4615286408657547 0.9215182746260473 0.11075634347549056 0.04142497867599957
1 0.35763494169324433 0.7957284813017288 0.061018154678544934 0.05512385200509069