1 0.711763209007884 0.38782572159246265 0.06871481818121908 0.13290531098808744
1 0.7748671810047068 0.37094766508287763 0.03532957386326192 0.08286653730309312
1 0.865458773535655 0.7012316086343623 0.03171365016215581 0.040630213813968134
1 0.8201053632272295 0.698904200866021 0.05526024431795733 0.050611070895755575
1 0.7569741176914564 0.7134403370008988 0.041197744317957155 0.050243165545980635
1 0.4686422747534711 0.6495333860566179 0.2718591834403387 0.2740100027345512
1 0.29049968384408054 0.7197877301650041 0.1049523271096728 0.15960663767040376
1 0.21825253692833568 0.7568173800927841 0.033903441558013545 0.09453526080443227
1 0.18719345170098806 0.7740283901596796 0.05246252678536121 0.07863235864784811
1 0.04507413554836389 0.7836031229663958 0.061755706168510206 0.0718518677569098
1 0.4323075340889619 0.41504927340077874 0.1806341655834313 0.22011680890355217
1 0.2715473120921391 0.43448222817269067 0.14420574188232518 0.17702203959828533
1 0.1952460905023534 0.19050187232169818 0.09867505357072245 0.15710120380690748
1 0.2951132715070602 0.5791089941937796 0.07636367694751697 0.11905818060082993