1 0.859375 0.7042835285776337 0.0625 0.09065054900128418
1 0.8953125 0.7747567628994528 0.0171875 0.053016786961101424
1 0.86015625 0.8005176105589146 0.03125 0.027510547659786985
1 0.76171875 0.6678973901811793 0.05 0.06634466722953102
1 0.7796875 0.7577658363207114 0.0515625 0.030784327629147498
1 0.77734375 0.7837904312319754 0.0390625 0.030231414978534207
1 0.5890625 0.5557472200615688 0.071875 0.0934405304013581
1 0.4765625 0.5175168494364545 0.03125 0.0465129229566991
1 0.409375 0.4741648964334707 0.0734375 0.0840084568342286
1 0.3453125 0.3656305065100048 0.0578125 0.19495627089032086
1 0.27578125 0.34236490613800014 0.103125 0.17558290703976742
1 0.10390625 0.2979452550543024 0.096875 0.09217105879047027
1 0.13125 0.39060368259390815 0.0328125 0.05845852159859587
1 0.38046875 0.5892758346225145 0.04375 0.02331286648617198
1 0.440625 0.6145020474186734 0.0515625 0.028409030717033216
1 0.33515625 0.5670815025110729 0.046875 0.030576985385167413
1 0.40625 0.5322214426176107 0.0453125 0.05426084042498086
1 0.21640625 0.5083846518076828 0.04375 0.02806346031040001
1 0.178125 0.45562247320472876 0.0359375 0.030093186815880815