2 0.5841942813494538 0.22074979527429928 0.3902635626989076 0.44149959054859855
1 0.32062322469763493 0.42468056197498705 0.03030566534054513 0.10003090547333778
1 0.2960868487030438 0.4997335979778471 0.03804544000636332 0.08838600561719337
1 0.34164479670590725 0.5388282693428978 0.061610209341181485 0.10916978112207408
1 0.3956055907065436 0.5470373158869508 0.050654528007635945 0.10611780221099867
1 0.4387834260423162 0.5802924762394397 0.037954533338636055 0.0737232490189529
1 0.4701788767106798 0.6034116651068324 0.03330339600572714 0.07953716840478015
1 0.28973739871099796 0.6097810473448538 0.034993165340545127 0.10008208872680656
1 0.5588237533815887 0.6610987402261316 0.037881808004454245 0.06199304374036052
1 0.6120305693825432 0.6737151442919014 0.04732953333863606 0.07382561552589045
1 0.42910898138127057 0.6581159832592967 0.020585220003181703 0.04421006389308628
1 0.6606498827179976 0.7025117638692046 0.05992044000636341 0.08862486080004783
1 0.30962318471513417 0.6667525345218717 0.08791817067154524 0.068404101083324
1 0.44431635805217945 0.7166049293496072 0.03791817067154533 0.06785814637965672
1 0.5186260147199067 0.7304572844345915 0.03346702800763594 0.10593013028161298
1 0.48194362738699753 0.7367233225593934 0.033048857336090795 0.03848144992970699
1 0.5805174873885883 0.757642609133909 0.03344884667409058 0.10299757896196522
1 0.5454521440563156 0.7726892401331656 0.03944430800445424 0.06201010482484995