1 0.22497593731097196 0.44749783019448813 0.019259146276527785 0.03449752983517366
1 0.2180349530785414 0.4931239909331968 0.028415940729444422 0.020793913800379402
1 0.30976851139916645 0.46601996155815395 0.039717116641249994 0.04528255223597685
1 0.41547365074184006 0.44399516575911174 0.020639808320624908 0.022689784305565095
1 0.4430356062889234 0.4280116649082137 0.03161367591180557 0.025749851312590978
1 0.4709605845374303 0.4393606082506914 0.03168641109416672 0.030511756074495737
1 0.47370437804041643 0.41302460749748515 0.015988675911805573 0.02477968756105746
1 0.4350587989182289 0.4903530005011657 0.020676175911805574 0.025070736686517475
1 0.4508104322769789 0.5321914714191984 0.035320557370694415 0.06403912215813588
1 0.4532275706697219 0.4761420740916641 0.01624324905006951 0.04144635422772413
1 0.4782632850505205 0.5233508277111574 0.019150043502986058 0.027354672692316517
1 0.49397920402847195 0.5164282830072429 0.019331881458888846 0.039259434597078424
1 0.5194149619122566 0.53744656043626 0.03019664627652787 0.035176644461247165
1 0.5297523966577774 0.5760531600959009 0.022675087005972296 0.05373918163309938
1 0.5859309678961803 0.4750385393464857 0.04004442496187508 0.06671112366454827
1 0.5635636989944788 0.6108235617472889 0.027289851823611145 0.049268325996654636
1 0.5881272879003122 0.6378427283162637 0.020712543502986236 0.027451689067469857
1 0.5933239341768399 0.6042183458574704 0.019113675911805572 0.024973720311364137
1 0.619431839287083 0.6323309722417679 0.02100348423243048 0.04649930811508891
1 0.6395988689223607 0.6405935688885838 0.020894381458888844 0.03935645097223176
1 0.6725581457078469 0.5267484794807548 0.014462543502986236 0.027063623566856505
1 0.309275589287083 0.6515887227097096 0.015988675911805573 0.02477968756105746