1 0.463325709007884 0.45347431709492236 0.03670115909060954 0.08000882693975042
1 0.49390750730360067 0.38347871878982526 0.044233015421275466 0.21095239104521443
1 0.5320211619299833 0.4436506674903754 0.06986821509696384 0.11815698293788034
1 0.5482540880667214 0.3453614217559053 0.047911394480112966 0.1084656196798679
1 0.5876262796247349 0.4540959804988281 0.05863070616851011 0.08692241241998507
1 0.6274876205341255 0.3737961471466463 0.06687958279171564 0.13185186755181505
1 0.6305541193163096 0.44726175505154175 0.03171365016215581 0.049162264971763785
1 0.49115642856907477 0.5809919474244787 0.11951365909060954 0.08514994022603573
1 0.5367592548679687 0.5281303843689049 0.0350295649348082 0.06880071369116239
1 0.573528597805954 0.6106215574291544 0.037854556006354304 0.03843916241056099
1 0.5895121079522238 0.5665474794300895 0.01929547077900686 0.05671958120528049
1 0.561318924104848 0.5613490734602324 0.01776024431795715 0.0594003568455812
1 0.4811268636342666 0.5149072935826745 0.02688978246740419 0.034982369670443506
1 0.45296095332584113 0.5124866653905952 0.022065914772652385 0.02080247436912354