1 0.8922094504897625 0.5990675990675991 0.09999209172016918 0.13286713286713286
1 0.9106849407505301 0.8228438228438228 0.022502291395857556 0.053613053613053616
1 0.8062719504897625 0.5990675990675991 0.05295345048646709 0.11888111888111888
1 0.7605230738665572 0.6363636363636364 0.039580697240056396 0.04428904428904429
1 0.7605991659937636 0.7634032634032634 0.04095228246740401 0.027972027972027972
1 0.7617798364484589 0.796037296037296 0.028506829545304768 0.03263403263403263
1 0.6823474809285719 0.7074592074592074 0.045667056006354304 0.030303030303030304
1 0.675633830766416 0.747086247086247 0.05679547077900686 0.046620046620046623
1 0.5474287844992942 0.5536130536130536 0.08845457386326191 0.08158508158508158
1 0.8871731229730528 0.49533799533799533 0.06466251785690744 0.05128205128205128
1 0.685277612016004 0.6573426573426573 0.046021612012708955 0.06060606060606061
1 0.6212423855549545 0.655011655011655 0.055451159090609534 0.06526806526806526
1 0.43948387094445784 0.6317016317016317 0.025627291395857732 0.053613053613053616
1 0.4505344192401745 0.6888111888111889 0.0194045649348082 0.055944055944055944
1 0.48873957711296806 0.5617715617715617 0.025409103084255057 0.03496503496503497
1 0.49608842695081223 0.6013986013986014 0.028506829545304768 0.03263403263403263