1 0.01737188931586551 0.4930379134510268 0.03474377863173102 0.06947972865350194
1 0.05272977467739831 0.4904673568078842 0.04116351087441492 0.09409172010359347
1 0.0872321086697871 0.48277775422783303 0.03555018083635884 0.12148148933146309
1 0.12141610768120392 0.4889770405366706 0.036921679847775654 0.11324515813560683
1 0.15853410570403756 0.5033156559038875 0.037974843878220546 0.09111993805086153
1 0.18803060471545438 0.5098059486251564 0.030098676882026165 0.08785714958569851
1 0.21602827072306563 0.5136154657061245 0.02904551285158128 0.10998236967044367
1 0.2541012736888152 0.4862874144066746 0.0616616946765232 0.23960318806028594
1 0.30904344167359266 0.4717812284838659 0.0657761917107738 0.21489419447271715
1 0.35968011163553665 0.4408993823068217 0.04655134783255317 0.1249382820715804
1 0.3605130997725385 0.5407053780318675 0.047222509885831696 0.08614639532016845
1 0.4662484466165086 0.4204143480694915 0.03026050296574958 0.026843040612064488