1 0.48756906077348067 0.39852150537077097 0.09668508287292818 0.04126134667409058
1 0.5566298342541437 0.4130385387094071 0.049723756906077346 0.025327264003817972
1 0.6187845303867403 0.41422886871417963 0.0856353591160221 0.04118862133990877
1 0.46685082872928174 0.4296351453691802 0.07734806629834254 0.03800907733927232
1 0.5027624309392266 0.45330900270527097 0.06077348066298342 0.039462489337999784
1 0.5897790055248618 0.44606921471195243 0.11602209944751381 0.027326116008908663
1 0.5883977900552486 0.46637262404517976 0.06906077348066299 0.03482953333863605
1 0.5441988950276243 0.4738942227084526 0.055248618784530384 0.02067612667090888
1 0.4889502762430939 0.4860305960375437 0.04419889502762431 0.03310340133672707
1 0.5469613259668509 0.5309436540419981 0.058011049723756904 0.01756930800445424
1 0.5455801104972375 0.5598408133752253 0.143646408839779 0.04313292934436319