1 0.9248856715434025 0.35042550314299625 0.03750130642076392 0.09955267658706865
1 0.8867674224933332 0.39096663602436427 0.04247974715020817 0.11797259092451239
1 0.8531925094993053 0.34271267449895165 0.04491376291777769 0.07494950351311125
1 0.8471957762168053 0.42476895247275903 0.03713763050895835 0.07682540385979579
1 0.8170731715434025 0.35590171472238397 0.022493249050069507 0.0397474790292829
1 0.733495645707847 0.5054832602077723 0.02481946846486114 0.08755411714176414
1 0.6889455587018747 0.5577054909936108 0.048038762917777866 0.07510823428352828
1 0.734802266148819 0.618960893073719 0.047893292553055564 0.06601732519261919
1 0.5984647226458331 0.65086568158686 0.04186149810013902 0.07933622728814875
1 0.4843294874634719 0.6612048092525362 0.03215918977951393 0.05840548952235219
1 0.4495193827900691 0.5925756676577867 0.06827852773541672 0.0715945297457846
1 0.4704514382609025 0.45525964667164814 0.08648301386770836 0.038456005277377484
1 0.4003207762168053 0.4474674526423951 0.01773301386770836 0.0349639283282028
1 0.35275348556361075 0.590678139722533 0.013045513867708358 0.03472583217257724
1 0.33505683928708296 0.6233693407780085 0.01951371941479172 0.04867965734977495
1 0.2924329281929163 0.6527849334513658 0.06766158510611113 0.13060607345148478
1 0.23908972264583292 0.669119720184819 0.019477351823611145 0.04640693007704768
1 0.4417783115516663 0.686074947380439 0.053488675911805575 0.025425695824362358
1 0.36812129958381895 0.8010893914636672 0.017043336056041712 0.08943001748844882