1 0.718447475546588 0.5026367250139362 0.11723291941407837 0.07709883118569749
1 0.5712067448781888 0.4706958577238852 0.08355006736677509 0.05819429508134384
1 0.6000827290468264 0.5169305082896194 0.12176511728481702 0.03181360226293641
1 0.6139118814783189 0.40994925526455733 0.04166160649841883 0.025190897540672098
1 0.39581351926094815 0.4683152254067197 0.03218724304838649 0.03452044574527395
1 0.35394855875092 0.466557282686508 0.03971228875962741 0.025181807181592398
1 0.3824397054119986 0.49247488807270223 0.09021306647225479 0.01916815651766246
1 0.3136699489877838 0.4773084303253758 0.05158967868832579 0.031486349336070064
1 0.25788835398362525 0.4512635599120669 0.07978754451115451 0.0628636143631848
1 0.20013394088234737 0.45958914431921816 0.03277706441022316 0.054832945745273774
1 0.1754028723128866 0.5391721051898026 0.05032092405934597 0.05491475897699054
1 0.30360494925458037 0.5217987737095175 0.06895205484149887 0.02531816256778665
1 0.30677765074836416 0.5468169544276767 0.05712003578678794 0.020576120413308984
1 0.600013857814511 0.5528725534691592 0.08849060310340055 0.02697156615858276
1 0.5391539846090964 0.5674345023376911 0.05177116218427564 0.03773634933607006
1 0.4691146586345673 0.5624197494108248 0.06908816746346114 0.03000566256778665
1 0.402996653574615 0.5566419272021178 0.03386433554325325 0.025154536104353475
1 0.6506718037434258 0.621086743164309 0.07529908767173499 0.042532933645025396
1 0.6447322938577424 0.6577827672666098 0.0764771005527399 0.015979524004105093
1 0.6392238072749398 0.6796350413689108 0.08445585500385544 0.022265885440423537
1 0.5181611236155937 0.7197009842855143 0.04193383174234338 0.034565897540672096
1 0.456757614843664 0.7194146379745063 0.04152549387645656 0.020503397540672097
1 0.4160034258249939 0.7129737404338343 0.035859024156032135 0.026726126463433177
1 0.3809610774007357 0.7112476139704013 0.041706977372406404 0.026753397540672096
1 0.28861965445774246 0.6350254815550398 0.033682852047303515 0.018904536104353654
1 0.26554625263149173 0.5903806020665445 0.051408195192375945 0.025236349336070062
1 0.7661571295876537 0.6388151195295462 0.06555249897777787 0.04248748184962743
1 0.20872112752562205 0.6002732316532355 0.031597421686549707 0.014207945745273776
1 0.7951749308275932 0.44517420383850154 0.05925083702152921 0.026835210772388506
1 0.6003533244480825 0.5747520986486989 0.07480000805787303 0.025345433645025395
1 0.5534100857367981 0.6136009752103281 0.11632550193432958 0.04584883118569749
1 0.46120314557309877 0.5998879331540461 0.05770985714862473 0.040888620413308985
1 0.3901437898551867 0.59643113504764 0.07937920664526746 0.048801114363184794
1 0.3669545160799646 0.6564873910977643 0.06555249897777787 0.04248748184962743
1 0.5485359764684853 0.6471765444921689 0.10394903239176967 0.022356789031219647
1 0.5178451573403502 0.6634418939264346 0.07484537893186059 0.026907933645025396
1 0.44306864964080506 0.6537169151018694 0.049232023083647436 0.017414758976990363
1 0.462199674958154 0.6327095235131258 0.041480123002469206 0.018940897540672096
1 0.46614205146705584 0.6983617945903646 0.06691199535473252 0.02218407220870695
1 0.5666672127154421 0.7277407432625047 0.03413656078717769 0.03452953610435365
1 0.5676183712265099 0.7621248336215845 0.024072375975308674 0.023546584308955332
1 0.5326213936762391 0.7588362071581513 0.030011070939657866 0.026698855386194254
1 0.34922835801355784 0.6962538730455876 0.04787252670669268 0.037718168617910844
1 0.19983821528009477 0.503343689498758 0.031733534308512036 0.018895445745273777