1 0.6702197277196975 0.7325172395825007 0.6290587361970166 0.5102512777089411
1 0.32968361654127143 0.9391779220815701 0.10736151384016442 0.1010995066749194
1 0.2285694441078696 0.9827777444595701 0.11763316897336074 0.01945932053774309
1 0.827286764297275 0.46863975425906074 0.22674818380210837 0.12762546670898142
1 0.7620185444490618 0.25621400590832044 0.21707338935304676 0.4035224088302687
1 0.6106086002668301 0.4555864849968178 0.05566636266130089 0.2097390212592575
1 0.5897297089737983 0.27593310928561304 0.03918451680591399 0.12037814167060656
1 0.5694450893924152 0.5338918166670882 0.05835101087441501 0.07875499376443984
1 0.462283846806789 0.4840396551038823 0.22380886760421675 0.24924181270497006
1 0.3406887366169461 0.6779516043712177 0.07626802273741298 0.16347291097587355
1 0.46492070996238144 0.27217761793726974 0.07923119665368965 0.2150360375916305
1 0.3970355315974805 0.3570326828716612 0.08060801285158128 0.09337881322344466
1 0.1534261237456805 0.707426733783213 0.306852247491361 0.2116365984335973
1 0.14697984038099837 0.5379236552223172 0.25187020060802234 0.24763570302981308
1 0.07954428406893846 0.3477870288034932 0.13704369665368962 0.21654853736292812
1 0.05833247034250477 0.20909682046356695 0.08092634783255322 0.10508841509698096
1 0.17307410817549554 0.41086721859126535 0.07203150889724856 0.06507137686597149