1 0.3998905004037418 0.4385105273442376 0.21857054220663663 0.2635959490417317
1 0.2760320348997408 0.6097981954378957 0.09774775324641087 0.07982497128151492
1 0.32576107385996667 0.7848797761166381 0.06060230925276535 0.10824062906702436
1 0.2635844021874554 0.8828103629493853 0.030342064934808198 0.05762498743070858
1 0.35028556127806487 0.9437434416361933 0.0567409237011061 0.04499333575164237
1 0.35838661322722953 0.7001816533501134 0.03343188311602718 0.1885476995089602
1 0.39828491030513025 0.7027739906817966 0.04316934740221221 0.08631509527167583
1 0.45279908644186834 0.6181018240533923 0.05454322402541774 0.12426940692224167
1 0.4683659906645092 0.21049909040060555 0.11202053327818291 0.2323468548234167
1 0.5654609533258411 0.4251890283579636 0.12613758035608366 0.23775406726600012
1 0.5612080555993173 0.2617600123631917 0.05602390340856669 0.11734165171077379
1 0.6563393234562248 0.30822565125512924 0.07951595048646745 0.12323840765090516
1 0.6671892743497292 0.16621778640481621 0.025572744317956975 0.05037086988754199
1 0.6634444857932452 0.4481270001027434 0.07995232710967279 0.16062158522099862
1 0.7237137840889618 0.38770197671447676 0.054925053570722325 0.15697968729607345
1 0.753297918422805 0.5112333462218331 0.08003414772652384 0.16763093101539114
1 0.7078314598186629 0.5673785861751195 0.022747753246410873 0.07590862330113195
1 0.5605161290555422 0.604294503738134 0.05616027110331832 0.12902389470142786
1 0.6173252366040242 0.649254439014529 0.03560230925276535 0.10693517974023005
1 0.6981894529188041 0.678931028666807 0.06005683847375849 0.06151165710440755
1 0.7726439821397972 0.6282857087238072 0.0777079886359143 0.10212877968480281
1 0.7414678944768177 0.7701860268530752 0.07233865016215582 0.04347279298275798
1 0.640187812495881 0.8666517053617422 0.08384889448011279 0.09310934762397803