1 0.6415150277348037 0.6507065267820659 0.0411833263617335 0.02716251785690744
1 0.5717474498475649 0.6356212690714281 0.10450057420618628 0.04527731818121907
1 0.48276920529680756 0.6397808892018119 0.06543159411834695 0.03689207386326192
1 0.9833024118738405 0.65703125 0.029684601113172542 0.0484375
1 0.48333179896756356 0.8147536156628614 0.04513137197984119 0.04440456493480838
1 0.26747898862615255 0.4968006822225227 0.04521772488128145 0.05065456493480802
1 0.2215609462320622 0.5297125937487642 0.05647897965088171 0.060193206168510115
1 0.22237869917295766 0.32039214082666495 0.11619359348298806 0.08606595941492108
1 0.04541526843800682 0.4005863810874323 0.06003843721250766 0.049310253246410876
1 0.24224650689856483 0.21445578652459388 0.1233556850569602 0.06742505357072241
1 0.5085495871482897 0.6932740819776415 0.04299543748058681 0.02406479139585791