1 0.13708920099067606 0.5185484110523016 0.03255994292790545 0.03919778656518377
1 0.08102329156121664 0.5716893161978917 0.018934090570540584 0.05093378261085112
1 0.039854636060698646 0.6031479947275564 0.027435795285270292 0.02644311858040614
1 0.10478612324041707 0.534914420279078 0.028779971463952725 0.02027800790866531
1 0.8062715405277594 0.4049626665675172 0.01642552067816432 0.02376555994925861
1 0.7846876389561828 0.4144844504964792 0.019477746071058632 0.02185200527244362
1 0.8200130169541108 0.5294533305979621 0.018351893713693813 0.03426711594418445
1 0.8147775533480409 0.4692064425878138 0.018788541356328993 0.04676711594418445
1 0.7554410947043697 0.5183504597232554 0.023112168320799497 0.036605117262295296
1 0.7893452138109576 0.5478177838298125 0.02914384449948191 0.030694674575331978
1 0.7554796360606987 0.564268682384848 0.03822774607105863 0.022870677211553905
1 0.7132921360606985 0.566560694247846 0.018206344499482087 0.03010044927751778
1 0.14773129445670077 0.41986774043130226 0.018206344499481997 0.03010044927751778
1 0.11938797063538317 0.4151457483399677 0.030488020678164408 0.02452956390359127