1 0.4505557569200822 0.06500384220005273 0.01814250494291585 0.035812271929368825
1 0.4741351783649009 0.09983363385769492 0.032268671939110406 0.03865142058007308
1 0.5256340113687065 0.09928922898852441 0.035584672927693364 0.045802947614606196
1 0.5976045118629981 0.10532364655743423 0.035839340912470874 0.05519261897610855
1 0.8439874219391104 0.06703521568737718 0.026846342889637498 0.06894930547814296
1 0.8430125123572896 0.11742274412039751 0.01814250494291585 0.035812271929368825
1 0.8479666092012597 0.21374883071085135 0.020150673916276673 0.05229883356870111
1 0.8588377836118279 0.26924097049989676 0.02184050790866543 0.0570483060061555
1 0.7774206403416297 0.4329026155478883 0.02340300790866543 0.05710294276285864
1 0.7831785504177419 0.3862001241455409 0.014953837946721471 0.03335558057558685
1 0.6056517752088709 0.20058529774110664 0.029589340912470875 0.054974071949295766
1 0.6844572075281045 0.3147375278590514 0.023946835969555026 0.01959889407355246