1 0.1604590930321486 0.4152116793329521 0.05142141066226813 0.23162131785218096
1 0.206286070070895 0.48202612484091106 0.01768760517284953 0.02578803159956309
1 0.2626497303374517 0.4892343790745881 0.062392351411925874 0.07530126159493199
1 0.2727665279093115 0.5666445239066278 0.06404577962517113 0.0799497755694209
1 0.2442825120741939 0.3102808695888322 0.05996603338609487 0.03148224070800069
1 0.2822227812745238 0.29398513016657724 0.027471782132453625 0.04676667305018356
1 0.3174783196751836 0.26034795618811873 0.06142088479802066 0.10521495960200977
1 0.3621997862890887 0.2315603914022162 0.05480717194503928 0.08662090370405388
1 0.3083510237526764 0.39138271889097215 0.08300637978345575 0.17025393620124205
1 0.2600810083132702 0.3590500472773531 0.02581835391920828 0.042118159075694654
1 0.36589675079142286 0.4584988072260316 0.07587584138279588 0.20461505296474197
1 0.40624295447320424 0.3662667490533631 0.0722219924781525 0.09858405051099038
1 0.44673625917119997 0.12319346998174632 0.06450042069139812 0.10299125022379887
1 0.5407075680258309 0.05767448141174925 0.19704013605166182 0.09258498413831152
1 0.5400998142649073 0.1060213591423294 0.13651181301126591 0.11175376862632883
1 0.6132561694377567 0.13323716679016837 0.09206313103709682 0.15436621820485805
1 0.5719612311953816 0.25653499670263363 0.1767396594086268 0.2509678735993178
1 0.5781466982049981 0.45129578609754684 0.14567151583511767 0.2593800825888008
1 0.6470163701500372 0.5382786611941214 0.08117109514371953 0.156388832365002
1 0.7198317445232167 0.5482133628511768 0.08325042069139812 0.1034738787471598
1 0.5970344051854848 0.7753502573404634 0.044278848904643196 0.10707669758770001
1 0.6488636781467384 0.7110495020583419 0.04805706677218975 0.0611144054097845
1 0.675622406439126 0.7612522867848756 0.032659387305303156 0.0722329523008396
1 0.6569322424116456 0.8033762768503071 0.02550010517284953 0.025989126817630007
1 0.5453127808123053 0.7659585127721887 0.029807171945039103 0.08597739900623942