1 0.8696784045163233 0.36315763407310486 0.07341662116806952 0.05632420783841656
1 0.6966938414801889 0.3538772254559007 0.11341537098253497 0.06973348997087019
1 0.5141228545347192 0.33857413737181014 0.17219875894764375 0.10698944906292791
1 0.2896151698157029 0.33594454552679576 0.12832411321501594 0.09505173871722886
1 0.10813685513819749 0.3856443318158845 0.21627371027639497 0.25835337226160837
1 0.796772078407224 0.5420016995916533 0.07064276136798996 0.0827957796251713
1 0.6013680517031146 0.5496276461472988 0.06555212869323843 0.10140938730530316
1 0.6666477717478873 0.6331926524155049 0.08123729026177404 0.05494356426490725
1 0.5915655694645668 0.7496503782006101 0.07770578063051267 0.06422763605166182
1 0.18977326910864467 0.7740870546979959 0.37954653821728934 0.08436560596427238
1 0.4385397001402294 0.6228414887837359 0.11981467154750967 0.08080738229073817
1 0.36429345150254294 0.5191913030486431 0.051106757757545834 0.17600021034569907