1 0.5499652012062229 0.5914573958949769 0.060038596212812226 0.17188046369205692
1 0.48671576746300155 0.6002264618746569 0.05198065651766246 0.10843189761446374
1 0.4778907341873184 0.742327182482323 0.0878636143631848 0.09466149875449174
1 0.3330509328594585 0.8656629997884705 0.2273806323171657 0.21324785286992612
1 0.1564157099868216 0.8484268842218928 0.1378454336450255 0.09040368315343696
1 0.26102490017295066 0.4237892963647451 0.12523634933607006 0.062125414049005685
1 0.2068550297596417 0.3561853412672755 0.03321247579950324 0.10357317940382649
1 0.16112034894328658 0.4493112238480811 0.09711134933607006 0.061879590254176504
1 0.4551692890312197 0.120438994190169 0.07426472267624522 0.2142568967162322
1 0.5473386083130605 0.11750930992506567 0.08373971662612104 0.23501861985013134
1 0.5976931323171656 0.20605067843242972 0.10029089149054773 0.07599141105141115
1 0.39213802390590924 0.18554608833886313 0.0596386204133089 0.06859407871553125