1 0.7057669954140449 0.7700775316599204 0.044401749352741875 0.10367047077900686
1 0.5938289692135006 0.8559525763021891 0.07192194860131042 0.06814207386326174
1 0.6543315225309159 0.8199781201336791 0.04604639805936857 0.020939791395857554
1 0.5670230955978238 0.7681077029253945 0.07068265681673064 0.08217730032431163
1 0.5287762269541676 0.693694084012827 0.04827910367933625 0.06468979139585791
1 0.5091784960959075 0.5987225032497061 0.05746246359830875 0.09136138555165907
1 0.4929763529007223 0.5138526254086847 0.06417389943803137 0.06959547970746058
1 0.47875275661204797 0.4476918372592378 0.06010052614032334 0.06641593262955983
1 0.4248719104130632 0.3922327698887976 0.047162750869352406 0.042814791395857824
1 0.37735528287409736 0.269545292209932 0.0420893042463468 0.05835797077900677
1 0.37259746445184644 0.2094981363657334 0.03729827557079193 0.0411159237011061
1 0.34072480370307384 0.18261803652788916 0.049917092896053256 0.05846706493480811