1 0.3453125 0.9410994764397905 0.1375 0.10732984293193717
1 0.45078125 0.9489528795811518 0.1015625 0.09162303664921466
1 0.5296804026010831 0.9162879513095159 0.0777352621748646 0.11480444550126356
1 0.6566419176153214 0.4316321792267959 0.0653716298696164 0.12752789963889258
1 0.2857430365278891 0.47708545046243056 0.13241485389503396 0.26557269735351324
1 0.4114424659110381 0.48861721152714654 0.1554432508107789 0.22699108995540657
1 0.528639648540598 0.4161051757605293 0.1264727711033185 0.14501676752423404
1 0.3585338798729116 0.6913206418670234 0.10440685633066593 0.12605244577293823
1 0.2584050150175337 0.32571655333894356 0.0631818384737585 0.06727278166787624
1 0.48304868466145 0.5915273175982516 0.07748980032431163 0.0912442360771798
1 0.517889109173335 0.3228305344334046 0.09467730032431163 0.09174686883689283