2 0.582185050540305 0.4065012058205072 0.8336557813030113 0.38271489452417473
1 0.8513814838427493 0.4809660783010537 0.09000993030721957 0.12192380086769436
1 0.7351587723173366 0.5540054993714755 0.04275298439090332 0.10116014852695626
1 0.19937009445718795 0.6700214772509663 0.01778770072563942 0.02890963548790034
1 0.1723810085223385 0.6846349359444582 0.044370048093234214 0.10378829720767445
1 0.7911458774894797 0.5816482118804062 0.11050596878180681 0.2039666355413634
1 0.4586806070710597 0.6480122729945884 0.02329365626060227 0.0670971118330852
1 0.20630214073632364 0.7019987184384855 0.020967264427970277 0.03164068032408419
1 0.608189533750082 0.6351630311920212 0.05536211179556503 0.10703382282118674
1 0.5609152296663981 0.6497014661270857 0.04878472958158007 0.0914707230478088
1 0.6789831833872622 0.625955917376821 0.09140873920022692 0.11445093944740259
1 0.49513646224320285 0.674368783560198 0.02409226442797028 0.03184647263501551
1 0.30950898628981993 0.7125777434870996 0.015481156260602268 0.0665826310557569
1 0.37720491777816567 0.7044274636235941 0.023402783665263983 0.07214761688359025
1 0.5280035259455337 0.67905485535023 0.025545637023308566 0.026898863739976412
1 0.4232713859270002 0.7062002739472054 0.047222229581579886 0.09136782689234343
2 0.6196354321213179 0.22614714585953977 0.7298958642426359 0.4187501450372668