1 0.1992615847853854 0.774254900739255 0.030323997492717546 0.040731929500953536
1 0.14044051425227194 0.7845062094727535 0.02550010517284953 0.032107589755188806
1 0.16010815657214 0.7773854028578837 0.021085389812585564 0.04848325000942408
1 0.267207602732074 0.7798633826083968 0.026971676959604098 0.02664903633711017
1 0.2982757463055833 0.7929145364690495 0.04130696159934022 0.044188722241070386
1 0.33993204889200807 0.7802073153344142 0.04336956677218975 0.07484127993410349
1 0.37191783478538537 0.7849736369304721 0.024255853919208193 0.05145503206215633
1 0.3946650129986307 0.780824612368334 0.022784282132453627 0.056913585480234334
1 0.4243979771052534 0.7798898752026208 0.035102425705962934 0.046578491468940164
1 0.4556479771052534 0.7818299179521623 0.025545569279472248 0.03488536753296659
1 0.4888696540648576 0.758866962839181 0.03519335391920819 0.05213404702449572
1 0.5147334720906885 0.7076412192610364 0.03068771034569906 0.06295415172317544
1 0.5179122963847256 0.7523281690491734 0.02862510517284953 0.03230159403014265
1 0.6379352913701606 0.6819225537196536 0.03225021034569906 0.06305115386065267
1 0.663807469583406 0.6779675334324698 0.02067621285298138 0.02348325000942408
1 0.6864409875300946 0.6807629533147763 0.021085389812585474 0.04848325000942424
1 0.7031882183297647 0.6609481424249524 0.017596676959604096 0.02606702351224786
1 0.715574558063208 0.6686686039692133 0.016079641066226814 0.02874779915254856