1 0.003485908927558288 0.6255411694676523 0.006971817855116576 0.054207338935304605
1 0.41656277494115374 0.6584570761209043 0.2178022071186595 0.06338070357377176
1 0.46116592133615275 0.8304885850181529 0.0559279689504696 0.050220175893442943
1 0.7280951499770383 0.5568932120139098 0.07097680770535664 0.04291701186299814
1 0.7553967313264417 0.5937857169568257 0.057918201199492196 0.05184634288963732
1 0.7787514666002926 0.3864507194282837 0.13631869529337384 0.08876802273741298
1 0.8048961707724173 0.2934328898845192 0.15932846304435114 0.0879695266917457
1 0.941962684025299 0.4873022480971958 0.0713125843350851 0.05072951186299797
1 0.6783118933505974 0.46057928612046695 0.055457881668849913 0.03928267589344294
1 0.4506836447455712 0.7159167490485979 0.05134310651891339 0.03290534190105419
1 0.806257496039542 0.8442605608350462 0.03828450001304873 0.04183467292769336
1 0.6776799634971707 0.833744872090022 0.035958491134298005 0.03239600593149916
1 0.2783790079170233 0.6922179693911026 0.03622711243808068 0.038646005931498986