1 0.03567186200941355 0.6197143994770266 0.05514324188232517 0.1397533571797759
1 0.19090878692833566 0.5974567478702814 0.2764182240254177 0.1080781699452559
1 0.12753780803165402 0.7005221975615594 0.10374438311602718 0.15291793683450478
1 0.24838609618110094 0.6787631647816141 0.14527731818121908 0.11006080073093091
1 0.4750616444768177 0.6237799455231583 0.3005102889602259 0.15366146277495138
1 0.4468020511317953 0.7756032819638444 0.07775462743398442 0.19084794969443106
1 0.5475151172844194 0.7667698439857445 0.09595915665497756 0.154452130426589
1 0.6120685409855253 0.7975658448237339 0.051772780031772214 0.12289491565750175
1 0.5595396047025176 0.8936713588524798 0.060956865259119655 0.11027321420201938
1 0.80859375 0.6078066914498141 0.3796875 0.12639405204460966
1 0.7361042844927036 0.6733816032919762 0.04769320616851012 0.057709336588759194
1 0.6851184829505762 0.6615506088839498 0.05983865016215582 0.034065035763357676
1 0.88828125 0.6905204460966543 0.2203125 0.09479553903345725
1 0.8193355702065187 0.7517582940014246 0.09922843262955965 0.05799258081408936
1 0.758925950076135 0.843541510348867 0.032095479707460586 0.05891898771344789
1 0.796975374995057 0.8261519957530532 0.03195911201270896 0.04962530741605012
1 0.04808649269310406 0.2937215956398347 0.07882620373287821 0.15745560911727807
1 0.2135302605500115 0.3277659428863414 0.24826595048646735 0.1050510810031527
1 0.1430756643656153 0.21445091288194904 0.10835006249917618 0.14753645413650343
1 0.26239840868357245 0.24855132462660923 0.1388091298696163 0.09493127828117814
1 0.057531045449752315 0.8308314083359467 0.04462275324641087 0.06129699172076013
1 0.09870547036867441 0.8133120767531747 0.03198638555165918 0.05148404347552967
1 0.08101026663909149 0.08683836571732503 0.035302300324311565 0.06462501287884469
1 0.12281198295387141 0.1120699635025828 0.02880683847375849 0.04763675436961239
1 0.4829251428552598 0.3072755474638014 0.30053756249917624 0.15552019883443094
1 0.4635148494308071 0.15650255204448776 0.10259098620028233 0.18073406923321905
1 0.5625387305182394 0.19237614223411584 0.11876936525911966 0.1126748284607455
1 0.5918483551128499 0.11211414408339261 0.10397047970746058 0.06190477841348578
1 0.5891676400158861 0.04230095251552062 0.06076595048646745 0.08460190503104124
1 0.8125 0.3429368029739777 0.371875 0.12453531598513011
1 0.7193166103878557 0.27513707798796544 0.10410684740221221 0.07119845871088361
1 0.826188173294069 0.206531997885864 0.1091216298696164 0.09369801690507551
1 0.896875 0.2620817843866171 0.203125 0.10780669144981413
1 0.7777994918823252 0.10531940138912128 0.037055715096963836 0.07770107378868069
1 0.8180114346581547 0.1287571716083786 0.03505683847375849 0.04789638834352874