1 0.14792771997911744 0.3716461470778398 0.04455163354437941 0.1461900888211111
1 0.18761234560593804 0.38301703343358057 0.047631169437756735 0.14354161803419757
1 0.23118048917944733 0.3959384424167905 0.04606866943775678 0.14347696453876546
1 0.27325432891289064 0.40462853123790166 0.049102741224511345 0.13805071597407417
1 0.13662049544765348 0.48931378166080264 0.03886392319868044 0.08488501722370374
1 0.17860340696785143 0.5035594260374694 0.04368781551854846 0.09341231104333347
1 0.22178510563506793 0.5400919461317905 0.04285274122451135 0.1377921019923458
1 0.25992996331519985 0.5500092901032103 0.04446070533113407 0.1406345332655557
1 0.4490894032069277 0.45637882066617347 0.03642088479802066 0.1264223768995063
1 0.4825467608870596 0.4661022041512971 0.044324313011265916 0.13230119993222236
1 0.4392537504622184 0.5796666643001241 0.03780152837152997 0.11537591928382716
1 0.4726656440357277 0.5921678255630255 0.03798338479802066 0.12648703039493828
1 0.5094382183297649 0.6381639538978403 0.035420674452321776 0.06531126578839519
1 0.544412611903274 0.6507297686561737 0.03514788981258547 0.04864459912172852