1 0.1423859736759482 0.5982737868149343 0.03708333774894799 0.045423286871479715
1 0.09243310289470844 0.6621329230508252 0.024801592558271413 0.053174607379950584
1 0.05513399953666385 0.7014153373269665 0.030505955534962846 0.032632280459048486
1 0.11168161069925675 0.6205621522104238 0.030342264427970278 0.026382280459048484
1 0.7913988486335392 0.35112419844609616 0.01940476442797028 0.025873019237293703
1 0.7706597626986897 0.36564801175471817 0.020967264427970277 0.025945770840401394
1 0.8180283252198943 0.471907924399479 0.02129464664195524 0.03844577084040151
1 0.8063170097034649 0.41300580981967977 0.023129965153609787 0.04893518911017599
1 0.7531572933687288 0.47388544926178633 0.02603671034428636 0.04074735898305827
1 0.7897222759455337 0.4961704957236401 0.03217758293962447 0.03687169872882284
1 0.7582639448200077 0.5195369035873502 0.039826391832631994 0.030985456744361883
1 0.7170759496293311 0.5297981544030405 0.021185519237293705 0.034279104173734726
1 0.1421106659640671 0.4981646594102725 0.021185519237293705 0.034279104173734844
1 0.11320441596406709 0.49951056406776695 0.032013891832631994 0.03062169872882284