1 0.633155835205741 0.55859375 0.13276596047956066 0.2
1 0.5424778292027788 0.50625 0.06348921626994146 0.153125
1 0.4855396638116009 0.5390625 0.07927748501793505 0.18125
1 0.4053198791298537 0.565625 0.05284353154370668 0.209375
1 0.2554031736410294 0.68984375 0.087106236030161 0.053125
1 0.25191395737108796 0.84296875 0.02710623603016106 0.053125
1 0.13190749311574249 0.84375 0.022623006053643608 0.0484375
1 0.27544916423676385 0.55 0.20071106808800562 0.0859375
1 0.2998620282127966 0.41953125 0.08071106808800563 0.0859375
1 0.3581181608861419 0.36171875 0.049496528891366375 0.0734375
1 0.29588947440857416 0.3625 0.04261007754295254 0.046875
1 0.31814900054623757 0.6265625 0.07392804482511994 0.071875
1 0.5022896249894432 0.66328125 0.06262300605364367 0.0484375