1 0.5222708389420205 0.4787535660583606 0.06624477711788863 0.12362193331459034
1 0.38348112358175657 0.46883310644635184 0.05107441818411544 0.14828669951773285
1 0.6426993477175091 0.5978770312580799 0.036664925705962935 0.04175588621762066
1 0.5989038836108864 0.602048009121604 0.03372178213245362 0.05173934450875415
1 0.5631937041439998 0.5907735923089218 0.029125210345699058 0.05661352184444444
1 0.5872018539857152 0.6882886383622887 0.020585284639736124 0.01591560191571266
1 0.574732946226441 0.7303961243159925 0.017823997492717503 0.03600007030785654
1 0.5529261423863752 0.7274311081972494 0.02310253087881229 0.06900468085095414
1 0.5434063898790926 0.6924596162258129 0.020721676959604095 0.023491359491470236
1 0.5465026461472988 0.7806671268948365 0.04130696159934022 0.039406961407182896
1 0.5002725038274306 0.7899767736662731 0.04098871285298138 0.02173019373041522
1 0.48604251926683684 0.7564442356722776 0.02099446159934022 0.03864287464298539
1 0.56886469411487 0.44924189908490386 0.026227530878812466 0.06912223266083045