1 0.4636061761308682 0.2720256689508552 0.17278771397248321 0.16349087158632497
1 0.655307581210344 0.4425235984437329 0.138903787293461 0.1816275047405509
1 0.76523814191745 0.4983305011268765 0.09531747840045349 0.18664522432611594
1 0.5211384562527531 0.6602946761727451 0.0810168762235353 0.11573453614909793
1 0.6311955025318887 0.6904854199438754 0.07402283175849825 0.14753715091025651
1 0.5695635433687288 0.539072632424312 0.037266876223535306 0.11434199932440656
1 0.6081820992665113 0.5840696542203235 0.05783234736759475 0.06375621645470084
1 0.7142163336574148 0.6707102625122989 0.053690484390903494 0.08497453744814817
1 0.341086368503805 0.6097284003571228 0.08030754809323426 0.08795675837132015
1 0.3546205565307547 0.22265388940698047 0.06802580290255769 0.09610589925413114
1 0.4709772212288774 0.4078337632796777 0.12067957694917482 0.14048214610398876
1 0.4515947933687288 0.5353177563434478 0.12558533175849823 0.14917835502507135