1 0.2664274491251476 0.21984822722602607 0.16130886760421675 0.25089344083477244
1 0.41781353558899426 0.2355574684818552 0.21018671939110262 0.3843296235082865
1 0.89453125 0.5551643192488263 0.2078125 0.09154929577464789
1 0.9402601744477493 0.6087281803407426 0.09690417490485999 0.06285192188391901
1 0.9328125 0.6525821596244131 0.13125 0.07981220657276995
1 0.921875 0.6983568075117371 0.153125 0.08685446009389672
1 0.8921675257403436 0.7389164477864493 0.21198534684397002 0.10539671780272565
1 0.49865494767945384 0.7937216112376821 0.08456068380210838 0.12561747762535888
1 0.8767255509492144 0.9193818500566385 0.0597861768820259 0.07529715972963621
1 0.9328125 0.3685446009389671 0.13125 0.09859154929577464
1 0.7883289654367699 0.31336885310586815 0.0725063527754692 0.14150297944247578