1 0.4251656364752942 0.18344993937771203 0.11725642609922741 0.09480655771188111
1 0.4092718437190458 0.38406749827071945 0.09958036600475877 0.06786211179556503
1 0.7436537418652307 0.45749510770403184 0.0959179991733159 0.03812004809323426
1 0.25942999347737766 0.43612601687504104 0.346741499972519 0.06265380054030487
1 0.6590008883717873 0.4766518462712865 0.2661410703276343 0.05142363466105593
1 0.21234142637403744 0.46006202467958934 0.24255616466725693 0.05087799763774718
1 0.12445057559956704 0.5260664813956785 0.05193017921780203 0.0558333377489479
1 0.589990581276433 0.5696825944571879 0.05692166061627854 0.06219246515360979
1 0.6992829547308863 0.5808135566155728 0.0638598821811911 0.05923115626060227
1 0.2405782330190325 0.5428298846610559 0.05442591991704029 0.05901290145127884
1 0.3521947845062233 0.5547966605217715 0.059074275982515564 0.05755952885594055
1 0.5718250714840906 0.6607614622432028 0.05678441048307802 0.05906746515360979
1 0.4612505151467181 0.6519469682336526 0.05671578541647783 0.05750496515360961
1 0.6749467182570483 0.6780060151457604 0.06635562288042948 0.062410719962933216
1 0.10937673872337944 0.6273834447351897 0.05206742935100255 0.058958337748947896
1 0.22092466514397002 0.6409127205959052 0.04735044821892708 0.05884921034428636
1 0.3325412166311608 0.6528794964566209 0.0570589107494792 0.06531746515360978
1 0.4400402641223352 0.7585962723173366 0.06184451694815486 0.06698909255827132
1 0.4234212265895164 0.08878228012188491 0.23405771503388142 0.125605179126093
1 0.042058380517159454 0.9237847295815799 0.0590742759825155 0.05755952885594055
2 0.16943742780755802 0.0930729321213179 0.2554647670263934 0.18385418874473985
2 0.7554103216363632 0.16293657585286644 0.479608144329922 0.29830361306150943