1 0.96171875 0.6484375 0.0734375 0.09895833333333333
1 0.9323840074515548 0.726318592068527 0.11877917490485998 0.06624046155161878
1 0.8732199130790427 0.6385260118911836 0.08067167984777583 0.10492419658996817
1 0.8230090074515548 0.7252580501759048 0.10573534684397004 0.10777077283209142
1 0.7057432530029306 0.6889730805901856 0.12795785672980173 0.1860927306121495
1 0.54668924657714 0.6366616201451166 0.20023871642535304 0.39507753967952225
1 0.527217710493854 0.3513841653573884 0.1564648587069682 0.20199044138453814
1 0.36957630684353254 0.4526958123479538 0.07218801779449713 0.14129162633250525
1 0.36615151239447075 0.7598814248253584 0.1757878616727176 0.22560974856613036
1 0.2677975840295698 0.6665017463530307 0.157003369581383 0.2879127907860723
1 0.1576068419382352 0.7279184785627096 0.10659219269935694 0.2067139555669586
1 0.05497393186212305 0.778994297098052 0.06354784684397004 0.10736170667350849
1 0.6801119002274615 0.535115138878328 0.10024935079830274 0.1389601704382272