1 0.88203125 0.8001612992548195 0.03125 0.042900520163251285
1 0.83671875 0.7605437803122231 0.0296875 0.054637847096265055
1 0.80078125 0.7528552409480139 0.0359375 0.0335708923053859
1 0.76796875 0.7416920477177767 0.0265625 0.03340661860935169
1 0.6671875 0.652867281955998 0.0296875 0.03816725886097094
1 0.55 0.5190491548732183 0.0453125 0.04079398953083161
1 0.48046875 0.3931249092746907 0.05625 0.06686799511738119
1 0.63828125 0.6217725360991083 0.0234375 0.035704801887144214
1 0.6109375 0.5801169338974402 0.0359375 0.04533559818773871
1 0.48125 0.4425503634552425 0.01875 0.04738737092148005
1 0.45234375 0.38792620583364706 0.0234375 0.028645978357732447