1 0.9293444009729347 0.25563422466471175 0.14112738068039513 0.3146102645663837
1 0.7520318786518003 0.18799367527033015 0.09598643019392786 0.1941271436810917
1 0.833359745128736 0.2633440432366631 0.07934440097293453 0.24077503901404965
1 0.6800807865245938 0.31464415763406967 0.09387845941492116 0.14715147219407515
1 0.95390625 0.5246478873239436 0.0890625 0.2323943661971831
1 0.779137669640621 0.5041310949934199 0.08870003571381488 0.10481600702879974
1 0.45055297361838065 0.3916011579000556 0.11935001785690744 0.05371910813063494
1 0.1503581047058129 0.4368125656634387 0.08155000892845372 0.02724195957838588
1 0.06062344886161426 0.4446316429534096 0.05819432954530477 0.03387449290693932
1 0.02977682345622481 0.3443474058268542 0.0519716030842551 0.03611265202929529
1 0.07263647930042345 0.33570888815173644 0.0347841030842551 0.03581219055474146
1 0.32676487175194147 0.2920391151833346 0.03955342370110611 0.04293638811438287