1 0.7206771863107473 0.6751431445093389 0.044224843878220454 0.07005900088212579
1 0.6723524328507062 0.6526539153355569 0.050220175893442943 0.06139510397416022
1 0.6138077623944707 0.6280684244924314 0.05847834486680377 0.07670902368887658
1 0.5576386754363325 0.6045532457523201 0.05678851087441501 0.0723390502034498
1 0.5789817762346352 0.7198758927178408 0.03497717787060921 0.07434024929418306
1 0.5514430721665717 0.4727639794009398 0.02346667490485981 0.05464368108355854
1 0.5420654135733344 0.5262296107923922 0.029398339923887917 0.04380113493812033
1 0.49562681228073996 0.4078417901383645 0.06179434585538672 0.08327032142225775
1 0.5136539120904595 0.5166538394124297 0.02276633794672147 0.03067853947135823
1 0.507575008440138 0.6027801968502516 0.04393568380210837 0.11361931062109987
1 0.45126134144394364 0.6010578479901086 0.06322951186299815 0.0789256979577936
1 0.3503607332312671 0.4373493437055199 0.07126218775644108 0.13997857664895658
1 0.28079499113993245 0.4902136383817693 0.08743101581733077 0.10525961396468754
1 0.24678474707143155 0.5297145123921103 0.052355678859192525 0.08101562212189661
1 0.35862687798434 0.29236776932972985 0.05177735870696818 0.16813624159984455
1 0.27407410034119223 0.6613326661019918 0.0808918557412186 0.1487692236617359
1 0.2086255138773455 0.641161511280978 0.05736151384016441 0.0919468933407047
1 0.15561060182406697 0.6720998884672045 0.04559634288963732 0.06353572818018897
1 0.15348702771750994 0.7331337546426455 0.03239600593149907 0.039469186484137546
1 0.3688162559686801 0.5875620659968084 0.09530718281352524 0.10750163825456731