1 0.016332429980909967 0.43593680085537156 0.032664859961819934 0.03450527319817397
1 0.058218843292501876 0.4465435271146635 0.06280908267027256 0.04298324948521011
1 0.07586032928868387 0.48766131017738523 0.031613626670908904 0.04836078362110973
1 0.09990635662000215 0.5085929178242962 0.022111357336090775 0.03151609993664597
1 0.1186381752864567 0.5099502794273313 0.020657945337363426 0.04545320094250637
1 0.14275692795195677 0.521536092681719 0.03626476400381802 0.043932658173621845
1 0.12600577995704743 0.4663588227387499 0.07543635200509069 0.059991114335523156
1 0.14742679396086542 0.423201275102912 0.03470226400381797 0.04385106759069734
1 0.18601657928868387 0.48190917408119777 0.04889203333863614 0.06094052302393503
1 0.3308109112826387 0.5409100349159348 0.10041817067154524 0.05896011506418664
1 0.415013188613957 0.558700405120247 0.07074885200509069 0.05974634258674922
1 0.44280238128582033 0.5000295792648601 0.06451703333863605 0.06175642885318135
1 0.4532949859564111 0.45627494141042946 0.025272720003181703 0.03635217829875694
1 0.5176114772835932 0.5206459415648511 0.05517839600572714 0.0659397825518953
1 0.4828001252785025 0.5785157007443334 0.06448067067154532 0.0570835316569198
1 0.5560012679424118 0.6050547751225761 0.08633748933799978 0.05588935121973386
1 0.6316279766072754 0.620957444934843 0.05661362667090888 0.04966623294790405