1 0.20374097597072863 0.29230014285525985 0.07420111600890866 0.08920914177422136
1 0.31895744330841025 0.25226461633905983 0.06956816000954502 0.09535004761841996
1 0.3759341493077739 0.2598419285679764 0.05674089600572705 0.05755912986961634
1 0.2046875 0.965625 0.096875 0.06041666666666667
1 0.1638024879058225 0.9290001190460498 0.026853401336727156 0.033951533549541085
1 0.9214439072645032 0.6976241271560357 0.14366018801718106 0.17205918939264134
1 0.46640625 0.9885416666666667 0.0671875 0.014583333333333334
1 0.46492973058564013 0.8068154783506701 0.06329997867599957 0.09312125541068497
1 0.6259126839195037 0.8053527110331836 0.1288340720082724 0.08423190692523713
1 0.7992052805935943 0.736454345771867 0.08804544000636341 0.06453642424162544
1 0.4292729465706862 0.9528904545414603 0.03477498933799979 0.046633357142543255
1 0.41023259257641326 0.8961858955589546 0.022129538669636163 0.029675772727073023
1 0.38291666191918555 0.8028229972908131 0.028524989337999785 0.046487898268141474
1 0.503728053906777 0.9275344453416484 0.0286340773392725 0.05898789826814147