1 0.5011478469001831 0.4765510162007141 0.09740224082661779 0.12534393272601735
1 0.4431580848981306 0.5144842068857253 0.051962475799503235 0.09406746956922424
1 0.4270836330045366 0.43767864838642656 0.03940793364502539 0.08098545674436189
1 0.3380165878249969 0.43457347367594823 0.1115738251355733 0.15099869715398764
1 0.3962149072050335 0.527926658792491 0.0440954336450254 0.0812037115536853
1 0.34056889520298095 0.5659689768821639 0.05488748789975162 0.048379639442106756
1 0.2866262837666625 0.5717923799082778 0.048719301131468204 0.06683863302967552
1 0.22651094038252073 0.5596164431886272 0.04391362646343309 0.03953704488701864
1 0.16974331079582963 0.49654434300852557 0.06461701190385671 0.13006614906075348
1 0.12672910900043158 0.5049603405897275 0.03764544574527386 0.03507937180792074
1 0.13276548556206053 0.554209680335492 0.03303066861791084 0.051527783665263865
1 0.4833740187395478 0.6101257485665281 0.039307939695149584 0.058068790077695095