1 0.15153873234060672 0.4099590677654177 0.04622153590796176 0.2327481620167297
1 0.19580181674775798 0.48022460216752555 0.01728749394987581 0.026230710747486705
1 0.2512432956705191 0.4899934669531409 0.059665891490547726 0.07679029778960007
1 0.2587512686413519 0.5675847200578845 0.06280907220870695 0.08155951792550674
1 0.2394523436787293 0.30962626382886904 0.05948408430895542 0.030707348480844308
1 0.27779722619228664 0.2954685653324354 0.025181807181592398 0.04737035094900454
1 0.3138665363989411 0.2639090669414451 0.05821247579950324 0.10435960477233798
1 0.3608551658874363 0.23752110169893917 0.05189884328594587 0.0879087221042112
1 0.30085293111094275 0.3934496979185557 0.07877950585373253 0.16992174763729817
1 0.25332394613805737 0.3587375240257025 0.025163626463433175 0.04276205601812896
1 0.356053515518094 0.46427847053827237 0.0695499515990063 0.20630533146920949
1 0.39939042506081845 0.37317321975721957 0.07068520472226432 0.098090863196149
1 0.44800116276417834 0.13369184526297603 0.06132838544042354 0.10221638251193126
1 0.5443585331774873 0.07182001881998637 0.1956579336450254 0.0976154290010794
1 0.5433818404572754 0.12131895802564104 0.13479315651766227 0.11291056722647534
1 0.6151523013278599 0.1515179335938908 0.08809087334017515 0.15427549099432689
1 0.5693534671171003 0.27245640752186157 0.17127607806243966 0.25301005501060025
1 0.5685807865953328 0.46830894208407353 0.1384999394987579 0.26053693021952495
1 0.6346461481298471 0.5581341326449014 0.07716246369925486 0.1560164002421559
1 0.7064802415139889 0.5722040759550866 0.08164088544042354 0.10326239634463343
1 0.5758973411446465 0.7924842052919183 0.04260565651766246 0.1081632736780582
1 0.6300581211988758 0.7307440360464467 0.047111349336070064 0.062321712176848953
1 0.6548581332991242 0.7827226819263268 0.03153180113146803 0.07303782347888241
1 0.6351632568356911 0.8231915537727625 0.02509999394987581 0.026633023760064448
1 0.5243757477605048 0.7794602758144351 0.028452252926866352 0.08439763560104024