1 0.6410000923979703 0.2359375 0.10145980380773605 0.1875
1 0.6754097993105974 0.35859375 0.14580061742777137 0.0734375
1 0.5600555588383134 0.22109375 0.10587222410379865 0.2015625
1 0.5432245535231531 0.3515625 0.13273558499372437 0.1765625
1 0.45846525859823595 0.3609375 0.07449739718989078 0.071875
1 0.33996783279752696 0.3578125 0.1644489937774113 0.059375
1 0.16773001933630421 0.26953125 0.10947963441143373 0.1640625
1 0.4471307485917859 0.440625 0.10323764595985487 0.0328125
1 0.4414147051044138 0.47734375 0.12610328866896878 0.0203125
1 0.5377653839573661 0.471875 0.06869597385526119 0.103125
1 0.35308459123497177 0.5265625 0.08456487536814138 0.0453125
1 0.3146893632625694 0.4171875 0.0471461514584938 0.065625
1 0.2585734745191348 0.4484375 0.07374117568561067 0.0234375
1 0.5117070330558673 0.5484375 0.06786656962476051 0.05