1 0.6059226840202344 0.7185168106821307 0.06232143992586607 0.12698144621268442
1 0.5556498655085802 0.7072432054220619 0.04582342068857255 0.08937447127565981
1 0.5574876732204613 0.8196621958550958 0.05437996515360979 0.05432741502007599
1 0.7035987813878293 0.7855945705571337 0.047638891832631994 0.03319563207102727
1 0.49776544363888126 0.7381991038246632 0.09004962504240907 0.24429546325478121
1 0.4300496647829407 0.6825720728339505 0.045877984390903494 0.09171639165036707
1 0.3838914273968125 0.6466674289569427 0.059632949544513106 0.14568955942200082
1 0.33784480661557276 0.716169639283018 0.05105655771188111 0.11283454970524509
1 0.32135422186184964 0.6120768066560826 0.050892866604888544 0.10580878858112304
1 0.29412208846673815 0.7177220965071556 0.04647818511654282 0.11747751577214693
1 0.42810027358328095 0.8336736241321667 0.03891865626060227 0.061216927202489314
1 0.39036466060658953 0.8574266377864252 0.05040179328391083 0.08473150520875797
1 0.34686019726707834 0.8683467765093918 0.04823909255827132 0.05895675619280713
1 0.25377734146196307 0.6630275900558064 0.051984140651505584 0.1526471960752685