1 0.3219669294884513 0.4736111111111111 0.13292381596343467 0.06388888888888888
1 0.4066501445422633 0.49166666666666664 0.03888271753501123 0.05277777777777778
1 0.45118139454226325 0.49166666666666664 0.06439213978475226 0.07222222222222222
1 0.46164801364885105 0.45 0.030706344499482084 0.03888888888888889
1 0.5126818207209457 0.5 0.06802656203449331 0.09166666666666666
1 0.5181891120772745 0.4388888888888889 0.04037244292790554 0.05
1 0.5576326017381923 0.45416666666666666 0.05145549214211727 0.05555555555555555
1 0.5669326730783105 0.5166666666666667 0.05167381596343468 0.06388888888888888
1 0.5893534826316044 0.49583333333333335 0.05755994292790554 0.05
1 0.6309416691493691 0.4888888888888889 0.04415241439185813 0.075
1 0.6668598984712046 0.5194444444444445 0.04720463978475227 0.07222222222222222
1 0.7087563000427812 0.5305555555555556 0.04193494292790554 0.05
1 0.7095397040955571 0.4708333333333333 0.025329639784752268 0.07222222222222222
1 0.7386064658823814 0.5541666666666667 0.027581344499482085 0.03888888888888889