1 0.09535735932614621 0.6072597016818487 0.08161498233256952 0.11678240986235658
1 0.18209494633211845 0.6574324154955462 0.13365026101791674 0.14645500366781639
1 0.31821493749840324 0.7188835143053643 0.16926045269729179 0.12821218242250987
1 0.35954714589527814 0.6232802160397992 0.0820877610179167 0.1447996512416667
1 0.5360213397588547 0.8088051162067535 0.2825605397032639 0.17923765354664778
1 0.6731212962558685 0.7895124927914281 0.17354921561506947 0.1972780240533526
1 0.8780101244281255 0.9005594401755278 0.09527743882958362 0.09352697306321853
1 0.4795135005686809 0.5603574413039278 0.15679812670923637 0.2225883088768201
1 0.5162887615865976 0.7037023888983722 0.17093205547083343 0.1347278618586209
1 0.4060591231938545 0.6495444835430081 0.072203614741389 0.11432626428017252
1 0.6109641755305559 0.6227356397364471 0.056324041603125076 0.09873843543630276
1 0.8056792231176046 0.7786900724470794 0.04872974715020817 0.11141865894540237