1 0.21997033871736132 0.5527831799997803 0.02994203866963625 0.03348515475148633
1 0.257579426718634 0.5658230829010017 0.04267839600572696 0.06418524942304173
1 0.28808453938572487 0.569700714288618 0.0208215773392725 0.06595073795342712
1 0.3142385067234065 0.6169249933276002 0.03517497867599957 0.10370096128135692
1 0.3493947567234065 0.6160073789330095 0.0458215773392725 0.06660326374513618
1 0.3984044213876339 0.5878535599020775 0.07894316000954493 0.10717933001497866
1 0.4540095313892246 0.6039291327877043 0.03957157733927232 0.06644013229720895
1 0.5164100813971789 0.6899350321693292 0.05432496801399935 0.15559222478401738
1 0.5509759853994061 0.713570519486103 0.03217724801081765 0.11997453574430933
1 0.5685629273949517 0.6640360960125644 0.03170453333863606 0.05922687219290746
1 0.5903566587364514 0.7534387984038473 0.055778380012726815 0.14161431605721408
1 0.611369140077951 0.8428618922261211 0.025399989337999786 0.05205439495058744
1 0.8087397480108176 0.09807413886007361 0.04313292934436319 0.12259646437631279
1 0.686882382001909 0.01231070063456423 0.03782726400381797 0.02462140126912846
1 0.48377030406586063 0.7129877339531904 0.041170440006363405 0.07115381235545265
1 0.4739498613939972 0.6559894404708755 0.03637385200509069 0.05701277218072211