1 0.8111407787237248 0.5979564938702955 0.057486330681090436 0.14428572437854778
1 0.769879432049634 0.5231482855228259 0.030160214672181596 0.05554894712571503
1 0.7524561220559974 0.584811642087086 0.02585452267663584 0.0990806923163916
1 0.5810992900620426 0.6361839657452272 0.032577237348817435 0.1535383653954895
1 0.5263572460614062 0.6273876596364539 0.0935692813494537 0.16262567791669394
1 0.5036549953850885 0.5315774705262779 0.025418170671545327 0.0490806923163916
1 0.5397754034054513 0.7331780057946496 0.05517839600572714 0.058796306108773184
1 0.5245776647437692 0.781408823096905 0.09251476400381797 0.04179234458336059
1 0.45751688673613317 0.7033168799648232 0.07420111600890866 0.09091932534606689
1 0.4498220180617244 0.6269478310841713 0.044404528007635946 0.07703704488701864
1 0.37184246873008797 0.6399769175954476 0.05697725334181776 0.08595239104521445
1 0.3140026967297699 0.6341601082804587 0.06320907200827239 0.08416006412431234
1 0.1876401913987697 0.651183895095393 0.019295440006363317 0.0633730192372937