1 0.3720096631535131 0.6260869565217392 0.02965326674922304 0.04565217391304348
1 0.41485213461746573 0.6065217391304348 0.06214043507002263 0.08260869565217391
1 0.45139110215247713 0.5652173913043478 0.032268844499482086 0.030434782608695653
1 0.4870888536002191 0.6423913043478261 0.03136131596343468 0.05
1 0.4023863678682428 0.6521739130434783 0.03397689371369363 0.034782608695652174
1 0.41528447415454905 0.6869565217391305 0.037975188998963995 0.06086956521739131
1 0.4403015907799375 0.7097826086956521 0.029580492142117266 0.043478260869565216
1 0.4719689677444082 0.7206521739130435 0.02162244292790554 0.0391304347826087
1 0.47373267494033733 0.691304347826087 0.017769696856846907 0.017391304347826087
1 0.5471123629058441 0.7630434782608696 0.016207196856846906 0.017391304347826087
1 0.36450322415454905 0.6869565217391305 0.02652826674922295 0.04565217391304348
1 0.38999337572612564 0.6956521739130435 0.023257717535011223 0.041304347826086954
1 0.2820909844936313 0.675 0.018133569892376133 0.02826086956521739
1 0.297080283707843 0.6706521739130434 0.018133569892376133 0.02826086956521739
1 0.34413506617283174 0.7119565217391305 0.030342471463952768 0.01956521739130435
1 0.4259800715495151 0.8108695652173913 0.017915246071058634 0.021739130434782608