1 0.8797299692583996 0.5128375388418195 0.03638292759490121 0.1034775659364288
1 0.6243657583878153 0.5467070474188972 0.08486587939029935 0.11577341567683301
1 0.5611935926967707 0.574162109176522 0.05516928903121965 0.11253832497572512
1 0.49332938182618624 0.6007573606939708 0.08650110226293624 0.13250070115232995
1 0.39577312577606205 0.6274627029125277 0.12097609621281205 0.15675098161326181
1 0.39295667710392196 0.5192202977924396 0.10656816256778665 0.07703874566712313
1 0.25050555669061303 0.4643199427293249 0.11766928903121973 0.11496307732893479
1 0.2786401679305398 0.6445091135747957 0.12765334308955412 0.2549101235152496
1 0.18920548408912258 0.7417446950825346 0.06449883723582164 0.10248537116203996
1 0.3028821647090859 0.8279748314423421 0.12063975292686627 0.07966764827992871
1 0.41849807435000635 0.821405706255571 0.047111349336070064 0.05598523093157392
1 0.8005373729473917 0.45027378868774653 0.06911361436318479 0.08600056092186392
1 0.3745652254067197 0.4230424140939874 0.04395907825883123 0.04961399331391334
1 0.23500275565734077 0.31385415474654554 0.03614657825883114 0.04931089926976225