1 0.5155722272718286 0.18431622169058776 0.07392051542127547 0.17364427232086874
1 0.4562557284896446 0.12439978951838246 0.05963982710967279 0.15501272178932446
1 0.4662131554371616 0.23919519573888828 0.04777502678536116 0.07666455541166098
1 0.4740586574657565 0.3735709561667588 0.04574096834337489 0.16856507930375725
1 0.44147402840691896 0.45920354271752956 0.05160913879807012 0.13648816945059944
1 0.38934846671852175 0.47849045718009137 0.06189207386326192 0.0815030024949295
1 0.3896717950460105 0.5716072802300557 0.09982845048646727 0.11892660084724684
1 0.49808431290291805 0.6203362740476032 0.028970479707460584 0.07174585968377817
1 0.508263882301953 0.6879918687123975 0.020857970779006862 0.046324755620915196
1 0.5017644663114846 0.7329398278862156 0.06011138555165925 0.06308544834902341
1 0.45078834739891693 0.7832478503332956 0.12702615016215582 0.04124717317470317
1 0.4355667219935275 0.6857874468418513 0.03494774431795715 0.04886435212947095
1 0.4054701189092723 0.6518129296370528 0.031495461850553144 0.021224646136509876
1 0.34499626907142816 0.6919366217871546 0.025409103084255057 0.03491075139196626
1 0.3359837333576132 0.5909209442408223 0.01943183847375849 0.05779225894627374
1 0.3335269350618965 0.6472962824176917 0.0162795649348082 0.05543990927515123
1 0.7647787094116258 0.8376546808607633 0.07379205600635448 0.03114228623688951
1 0.6986179212621788 0.8594811918318809 0.05959318831160267 0.019407287429483444
1 0.48249804342115743 0.8873239352927276 0.07847955600635448 0.03122253488150379
1 0.27660655356742714 0.8552093169736117 0.058712526785361166 0.0768518022490946
1 0.28678039447681763 0.7906542540442242 0.0333034237011061 0.041941050857128084
1 0.2477178944768176 0.7913229927493438 0.03217730032431163 0.0786959105043257
1 0.2240173417168741 0.8354157716660585 0.027080697240056482 0.044132903239021505
1 0.2208338404990581 0.8964021857664554 0.0268897824674041 0.028040949216033003
1 0.1530014581938098 0.9090600439869271 0.06277273538950343 0.02405848767531808
1 0.101674737414803 0.86395239280933 0.04448638555165916 0.06281795286697564
1 0.1366537094116258 0.8484079992390899 0.041034103084255105 0.0351782468740143
1 0.17825087418427818 0.8637910902346515 0.017351141233702006 0.014087348478528577
1 0.2007162094116258 0.8473112677626935 0.019322744317957153 0.04859685664742291
1 0.1300355166357962 0.8174805146732884 0.019022735389503387 0.023309500325583824