1 0.3732658544236978 0.5530215026322786 0.1281696516654869 0.19737496974937904
1 0.46793422747713925 0.5057606832522421 0.060304646151524366 0.15178975897699054
1 0.5210839914439535 0.5411305566906129 0.07450587325417923 0.17996930113146803
1 0.5984155567933634 0.5719129240788599 0.04667170212674559 0.20797612646343316
1 0.7399091888771395 0.7037265263417961 0.08577009629587024 0.0519079336450254
1 0.7316812581666186 0.8567969841873184 0.02608707695594905 0.05322499394987581
1 0.851356260452951 0.8635378635776177 0.021507816391642308 0.04851931323171641
1 0.7297437613284667 0.5630788004440971 0.19958033945683373 0.082059041958086
1 0.7154625186252218 0.4317878938282388 0.0780019113964604 0.08468407220870695
1 0.6614888517077684 0.3714180203898678 0.048828897974237964 0.07206589754067191
1 0.7235644891986729 0.3755788004440971 0.04352872232812184 0.0454852168225127
1 0.6813305144281719 0.6378697221852658 0.07311368722566382 0.07060339149054773
1 0.4952847556255662 0.6644453368430382 0.06127933130678473 0.047120439695149584