1 0.9499895771265774 0.890032955565993 0.05152826674922295 0.04539625943085119
1 0.6975302030575907 0.7599476287379254 0.04684076674922295 0.045250485370169256
1 0.6092682237357551 0.7856818452854551 0.13587334160399783 0.18148610948540955
1 0.5284527173256144 0.7558009228974246 0.10364303846084474 0.1971671524385061
1 0.4917810090962279 0.6012403908872181 0.07773120181924575 0.12545707127914651
1 0.38273995698653207 0.7488376640812799 0.21498295285270289 0.2569359793380655
1 0.34457852336425154 0.5964134060968681 0.14368153349844598 0.09205589405427995
1 0.2344651228261323 0.7356842442787749 0.13365587014004515 0.16264837408174437
1 0.1841419451997078 0.8177121331808396 0.07594606989237614 0.029472259709951345
1 0.16307812034493294 0.684610651370262 0.041900709677128445 0.08263440805613552
1 0.10252591811140259 0.764866701398237 0.059088209677128446 0.0831689129453027
1 0.06647494809519194 0.6729852409086058 0.08357878742738745 0.06933259589663668