1 0.6209395845746846 0.179994205571311 0.04630141935425698 0.1857465158825505
1 0.6570932543432262 0.22197927944460252 0.05091183664159917 0.08231605630989149
1 0.5819477051290145 0.22999026377349113 0.04960620181924558 0.14114107032763437
1 0.5386150820934852 0.24366990593518734 0.08089905128112633 0.2956095832522918
1 0.7547965461138398 0.3931575722187959 0.060470927212139716 0.13926295522779858
1 0.7347708364367114 0.4858935800268705 0.11580909057054072 0.06161340344672553
1 0.7876753585626177 0.5412747215637854 0.02940070967712849 0.09314775820767646
1 0.6977759505809005 0.572308991869435 0.04255568114108108 0.11492317383481816
1 0.6789960254356753 0.422394971642024 0.06301373035529281 0.12053228083269708
1 0.5992335967757936 0.47889226270788676 0.07100601282028159 0.0761327104775818
1 0.5151668118296056 0.4978938924502466 0.060141287427387446 0.07801082557741765
1 0.32648099338497144 0.6204127552952092 0.09677230024766903 0.15263378458979346
1 0.10555206327734759 0.5994971373939575 0.08499573821317571 0.07439184551094648
1 0.01930963720110904 0.6295237250830888 0.03861927440221808 0.07066085361290327
1 0.14122419768541639 0.4295268731235541 0.0622517510334573 0.1464070519925121