1 0.86015625 0.6530059117172985 0.0453125 0.0726611796515662
1 0.82421875 0.6775957935561537 0.046875 0.08951850023673867
1 0.7875 0.643575229542344 0.0515625 0.08701783629393194
1 0.74453125 0.597375009321738 0.040625 0.09192162013068562
1 0.62109375 0.726589369069917 0.0546875 0.07324644394472414
1 0.5484375 0.714365390805577 0.040625 0.08074843577314372
1 0.484375 0.7462976577026765 0.084375 0.14493218310769385
1 0.428125 0.7903120367577127 0.034375 0.07477166739893425
1 0.40078125 0.7864324654339852 0.028125 0.07996808338226667
1 0.371875 0.8036001588295085 0.046875 0.10627827677305152
1 0.33828125 0.83083702068446 0.0328125 0.0690875311713035
1 0.3046875 0.8455040501371764 0.0359375 0.06928261926902309
1 0.91953125 0.2875673942852136 0.0203125 0.07389377095919755
1 0.91953125 0.44957856746957114 0.0234375 0.08246874732507324