1 0.3303574726289108 0.47718829019743575 0.13157726400381797 0.05678930658898701
1 0.4162495192950472 0.47968735532766243 0.03624658267027261 0.049081199026349664
1 0.46081713196213814 0.47182828503655766 0.06137385200509069 0.06981884472583917
1 0.46813019263209255 0.42840901662802067 0.028361357336090798 0.03756596252303679
1 0.5217546319621381 0.46867610697738515 0.06462612133990878 0.08942493932716439
1 0.5244983713001379 0.4074437582486136 0.037790901336727245 0.046384246327012116
1 0.5650506459659561 0.41645341732027624 0.048764764003817976 0.052505577431650054
1 0.5779319066279563 0.4768775152646447 0.04881930800445442 0.060838910764983385
1 0.5983989479630927 0.4522156781338094 0.0549602200031817 0.044495544412077946
1 0.639887013964047 0.43757381355514086 0.03951703333863606 0.0714650714054525
1 0.6772142912953655 0.462022900561462 0.044204533338636054 0.0717075466407735
1 0.7193654286282746 0.4653961789991289 0.039353401336727246 0.0464650714054525
1 0.7174125772995016 0.40579519439456707 0.020767033338636054 0.0704951704641685
1 0.7512694092934564 0.48318370933554666 0.025254538669636162 0.04018209014393411