1 0.016378363110731833 0.4933984598178418 0.03275672622146367 0.08025486356091724
1 0.10653452047327665 0.569918379090636 0.026528266749222994 0.04950041321379749
1 0.009105210505697962 0.7386711885399488 0.018210421011395923 0.03809004063129958
1 0.22547926551087794 0.691211440299335 0.03077911910658786 0.035563282747459464
1 0.258764800457066 0.6765954522686124 0.037101893713693726 0.038008479508852826
1 0.4264638767595829 0.6128884935483392 0.025800520678164497 0.02613592723248934
1 0.47165440632908756 0.4921136230271493 0.01784247146395259 0.02132709483214937
1 0.5221959077768294 0.5759819076485251 0.01984161910658777 0.03537297346174992
1 0.5714382365605459 0.45060210753311264 0.020059942927905538 0.042382319256142574
1 0.7164167886702417 0.61442701672244 0.021331344499482086 0.033063711904434835
1 0.13918435463367645 0.550615900343244 0.039246590570540585 0.05672725533471505