1 0.707724885717933 0.4926757749860638 0.12093049488931881 0.07867042154477702
1 0.5600715080082675 0.46446493745565454 0.08488963225623317 0.059756795081343836
1 0.5889571621030669 0.5096319917103805 0.12252570064103811 0.03337610226293641
1 0.6031699517973401 0.40255983509452237 0.04220653029440652 0.02519089754067192
1 0.3846329115170395 0.46528306977282 0.03293651326786942 0.03452044574527378
1 0.34373695330803794 0.46469271731349204 0.040257212555615096 0.025181807181592398
1 0.3717058616101226 0.4895563619272978 0.09265050566927356 0.02073974687674198
1 0.30318022507853876 0.4765978196746242 0.052350262044547 0.033048849336070066
1 0.24694620956397847 0.45186598526747296 0.0831786003511517 0.06443520472226431
1 0.18896476460221145 0.4615091508603216 0.03396908521394611 0.054832945745273774
1 0.16444606917183147 0.5412920996306576 0.05159237347430562 0.056477258976990366
1 0.29311923870312806 0.5211654311109427 0.06949697863748644 0.025318162567786472
1 0.29574701640092416 0.5461472503927836 0.0576422149822646 0.022138620413308985
1 0.589079621783415 0.545560401351301 0.08914901324787397 0.028534066158582762
1 0.5288311446379099 0.5614626573032293 0.054617294228284916 0.039307939695149584
1 0.4578796187001147 0.5578882054096355 0.0697352644711965 0.030005662567786473
1 0.3918013871092979 0.5542910276183424 0.03440925933924083 0.025154536104353475
1 0.640245088186398 0.6124933712970717 0.07824739292749217 0.0441045240041051
1 0.6335052214753579 0.6492348471947708 0.07689710653646888 0.017542024004105095
1 0.6284945854404617 0.6711280279129299 0.08501209193658117 0.02382838544042354
1 0.5064272576957807 0.7146558349963265 0.04268310196182665 0.034565897540672096
1 0.44599840779324673 0.7149376361277946 0.041968244460696566 0.020503397540672097
1 0.4053407354179551 0.7096597836684666 0.0364380056892689 0.026726126463433177
1 0.37033244473094623 0.7082609101318997 0.04228595890564328 0.026753397540672096
1 0.27761407569451246 0.6344921329063408 0.03409154489429422 0.018904536104353477
1 0.2544969462048507 0.5908603075743758 0.052032547599600285 0.026798849336070064
1 0.7554352075321211 0.6275774949318345 0.0684213756222984 0.04249657220870695
1 0.1983853903706385 0.602056882808145 0.03385325906058416 0.014217036104353653
1 0.7838028738439865 0.43374113652057805 0.05990924716600285 0.028397710772388507
1 0.5899169389648931 0.5674263109922213 0.07542436046509736 0.026907933645025396
1 0.5420825425167596 0.6074836844305924 0.11934192266458535 0.04742042154477701
1 0.450085664508442 0.5961967264868743 0.06062410466713271 0.042460210772388506
1 0.3790547099594101 0.5941847745932802 0.08246374285002173 0.050372704722264315
1 0.3565035310388841 0.6544319281840765 0.0684213756222984 0.04249657220870695
1 0.5374905650726024 0.6403098199692119 0.1045052693244954 0.023919289031219648
1 0.5063627110921137 0.6584194705349459 0.07550378907633423 0.028470433645025394
1 0.4327254943798413 0.6501711541799714 0.05163540454341703 0.018986349336070064
1 0.45134164028065915 0.6289955909482547 0.041888815849459915 0.01894089754067192
1 0.45584262386950314 0.6938029795119364 0.06738880367622171 0.02218407220870695
1 0.5558171455900154 0.7206740308397962 0.034885831006660956 0.03452953610435348
1 0.5569936927509959 0.7550353953011768 0.024583242034047062 0.023546584308955332
1 0.5220648306752236 0.7520740217646099 0.030590052472894633 0.026698855386194254
1 0.3378691863670037 0.6951341962362532 0.05071865875070229 0.03928975897699054
1 0.18869008122637615 0.5052500605012421 0.0321422271555028 0.018895445745273777