1 0.44822918334499784 0.5343102729569055 0.15202670950527092 0.2283458482912122
1 0.34589736220419026 0.597411987970096 0.0821068458553869 0.06723595597024964
1 0.38358304600629867 0.6884503036082839 0.055608012851581276 0.06863349445635704
1 0.3495754605310351 0.6766904165881004 0.026464340912471053 0.04039403633363297
1 0.43103104897204825 0.7047379022216507 0.04929434585538672 0.06681024669699055
1 0.4681490469948818 0.6947714654329015 0.037401840912470875 0.04053593942471953
1 0.48734873866847456 0.38680439756294893 0.32699753460041114 0.18708256265010859
1 0.5254615509120335 0.275853480217418 0.2421476907221905 0.1302590246120224
1 0.45153727817462047 0.15474232276206212 0.14402852570316255 0.13769269818597307
1 0.5036780983268448 0.08576542706766835 0.10943334980971961 0.08848650110783583
1 0.6174288750185906 0.22828930462185199 0.050793178859192524 0.06508835828840003