1 0.8134159679742285 0.29766076806592523 0.14269876670908915 0.4500478797185847
1 0.6760068746419556 0.28196316731917925 0.1374840080362711 0.38530439246899295
1 0.4718182666295472 0.40551376066835 0.16777149204327077 0.45978597355753553
1 0.4227284279917276 0.10090778399633804 0.1701681440165448 0.17931787951536768
1 0.5732994979710468 0.3231112086949277 0.09896585335772609 0.25933867710032177
1 0.5698370486155477 0.5557987916384565 0.08619313335454457 0.22551640078218274
1 0.5021666485916854 0.8041783888524133 0.0857567813494537 0.17206428496926526
1 0.37516834392904874 0.7576373341620395 0.18781017735518085 0.23556738473120528
1 0.22355129992841238 0.7592905634259839 0.12116702267663593 0.10866858550863671
1 0.36285234663431964 0.35177374266191574 0.08275905068427196 0.1875508094309331
1 0.8324894005808675 0.9287537892341015 0.06609771467218159 0.06008365445642183