1 0.865244446713368 0.08911765519091823 0.06798889342673604 0.13897064001476775
1 0.8028912234988542 0.1869703874064427 0.04498780452090294 0.16378707558786862
1 0.7697689457634376 0.12278893110405696 0.04066267401194459 0.09394582795603686
1 0.7050369113785071 0.30934433210960144 0.06689917211208343 0.16641788089229792
1 0.661014154444653 0.2924548145239987 0.04949346656499998 0.15332695972060578
1 0.6304739756830557 0.3783790664668561 0.07329464247680573 0.17502215205448154
1 0.5855797029816322 0.401621779187959 0.046476262917777865 0.06872346064041922
1 0.5240609747331252 0.4117920221802115 0.04080814437666689 0.10240248757548717
1 0.47337129692145863 0.46131418466936325 0.0550524823325695 0.1133054380709502
1 0.43794098356684047 0.3537554449316113 0.07870818787965277 0.12654397078537566
1 0.3938474510817711 0.4689458795713948 0.06501067021222244 0.23822568188625895
1 0.3523301386770835 0.32531717635108726 0.052835365691319504 0.07521356689774027