1 0.31875 0.47260717051835255 0.0671875 0.15449673064407
1 0.16484375 0.3678526397654809 0.075 0.07055396741872667
1 0.23125 0.43664252313657964 0.06875 0.07029244766192269
1 0.05390625 0.3533792034080525 0.040625 0.06911560875630472
1 0.471875 0.4930593483802753 0.0875 0.06545902940424474
1 0.6296875 0.6387076660598012 0.05625 0.06976940814831459
1 0.71953125 0.6115681361593645 0.0640625 0.13189406065330836
1 0.76328125 0.7173313587266553 0.046875 0.11712993750187276
1 0.871875 0.7808640285460687 0.121875 0.21296480379700392
1 0.9546875 0.7337673675709128 0.071875 0.13222096034931335
1 0.87421875 0.6686025478930725 0.0328125 0.06878870906029971
1 0.80546875 0.738759538433397 0.04375 0.052392436050437294