1 0.7820308454275107 0.523689568398078 0.09275754667939348 0.07071247579950324
1 0.7155459920962987 0.5351174269075303 0.04445301156375715 0.0455033975406721
1 0.6761323512093894 0.5458822100850175 0.04001968533842396 0.028297716822512697
1 0.6392990001060557 0.5886873336215844 0.038639363568847784 0.07360112646343317
1 0.5883906632187225 0.5970583698241337 0.07369240356460552 0.05031816256778665
1 0.7548861778590871 0.45248218890958275 0.12366816178654526 0.048973831185697494
1 0.7467460489602996 0.39776287265280413 0.08655603023551445 0.07381020472226432
1 0.8676892000848446 0.4725043182998821 0.04648786134096928 0.04238748789975162
1 0.8662846365372078 0.5162452279408025 0.019477253341817876 0.04695681323171659
1 0.8489770223318132 0.6091321647090859 0.025218176002545552 0.014171584308955331
1 0.8348421618926009 0.6379747821955286 0.03144393422448483 0.012636355386194254
1 0.7451739823360554 0.632115146755105 0.04394393422448483 0.01269089754067192
1 0.38242937518563297 0.41335955981387096 0.09241816178654502 0.04883747579950324
1 0.57139527296836 0.44152598731057646 0.03781514311478773 0.020476126463433175
1 0.1477877156269664 0.39514939441741403 0.1028590702312723 0.050445427594901296