1 0.6558782585247119 0.5289501406039523 0.03300341477265238 0.02012321423014119
1 0.5980930320636623 0.5249764351085185 0.07987841477265238 0.02109288535256471
1 0.5356884894499885 0.5139613180563981 0.04087046185055314 0.02584038163943395
1 0.49506348944998846 0.5131209364169641 0.0394170560063543 0.03691917037979759
1 0.4467078100668395 0.5037856095904597 0.06299092370110629 0.05129289482989823
1 0.39058054099211603 0.4901220042435511 0.05054547077900686 0.05658987141947418
1 0.3870561205374208 0.45115230942779366 0.026889782467404012 0.03388281363604019
1 0.34618565868686774 0.47531192778835973 0.0444045649348082 0.06757169304759555
1 0.3396180588490235 0.42794425489777393 0.0237647824674041 0.03381816889454525
1 0.24788452638161945 0.4593867295423811 0.15553297970746058 0.08931102581510938
1 0.28206465746905174 0.40035943829122916 0.050463650162155815 0.04825653808614084
1 0.21953738393010136 0.4018443212391086 0.05975682954530477 0.04011713897729218
1 0.1618652057647684 0.46594233248460426 0.019322744317957153 0.058721201782302834
1 0.14218395130054154 0.48081608062803877 0.01913182954530477 0.03927675733785839
1 0.12957485714474018 0.4916686127731702 0.01000229139585782 0.06408282311337372
1 0.13451750162485307 0.38619386314448334 0.016115923701106104 0.05032322370747456
1 0.12933907792374696 0.436096896032241 0.009865923701106106 0.05019393422448483