1 0.534843527111691 0.31487227906659687 0.05371883743694364 0.07747168977951394
1 0.48643864016391414 0.3211774836637497 0.03637431395727995 0.04280574905006951
1 0.44433627422454064 0.32737358548736084 0.02574788482420139 0.03481141109416672
1 0.5816479703555721 0.34374150826503436 0.04196938758698128 0.13194098423243056
2 0.7517060328752971 0.34782698337940926 0.27318552385943223 0.2780925516711113
1 0.41827059802408273 0.3824974965815275 0.042383489079908174 0.024164851823611146
1 0.30040352978622187 0.39859658168763873 0.023135161033215036 0.13630117591180557
2 0.11120861577222427 0.4402236500762499 0.22241723154444853 0.31642769984750013
1 0.5948015640629526 0.4427056851267704 0.030316247853689395 0.058321646276527875
1 0.41416596339111156 0.4434895479682984 0.019911299980197018 0.1987284407294446
1 0.5671361800812263 0.4658347138121178 0.024869319012130513 0.11290004350298624
1 0.5218581081471698 0.4736478670224997 0.026971631193519734 0.24727504350298624
1 0.47967018299111186 0.48531271884611077 0.03495941919987589 0.22085801386770837
2 0.6933066199338177 0.6573481069545135 0.18568359445622337 0.32344011284152785
2 0.44199392267410303 0.08195851481763888 0.8723146756601973 0.16391702963527777
2 0.43205049542924523 0.17294065862562474 0.8517448192822609 0.07254137442812554
2 0.2503392931762282 0.2424745214671526 0.4969472573803508 0.08202025151861143
1 0.5632789440435774 0.24252450038124965 0.049394929312268326 0.06958645459715278