1 0.5038489692870931 0.46204524453635937 0.08842724801081765 0.10760753957139321
1 0.4418756806174568 0.4902543609696327 0.0429329346753633 0.08607119467430262
1 0.434744980625411 0.41200815207932967 0.03190452800763595 0.07548483556121184
1 0.34659099996022913 0.39605515828557286 0.10112724267981754 0.1307181404625446
1 0.3941557959500478 0.4968066534054512 0.036592028007635946 0.07555756089539353
1 0.33530750728041153 0.5250642533948456 0.05345226400381797 0.03832422045406005
1 0.27984784794718426 0.5231620036070279 0.04425907733927241 0.059012103119029886
1 0.22221716128263874 0.5014317244854527 0.0408977200031817 0.031880286229575464
1 0.1720540766231838 0.42981053336515007 0.05416133601209037 0.11957422045406017
1 0.12828589528963835 0.4312150969127868 0.034611357336090796 0.027616652450666378
1 0.1294120432845477 0.4812393386908474 0.030087489337999783 0.04629392711648469
1 0.47224388594050276 0.5917808631975112 0.03482953333863605 0.05261665245066638