1 0.5031140015186114 0.5919718824749531 0.03353985182361115 0.049918030302677885
1 0.49697375750253503 0.6518283829843232 0.028925087005972117 0.05469164502134291
1 0.5240830777910073 0.7946697580795474 0.02881598423243048 0.04733870384487232
1 0.24497680603951427 0.7735527750165896 0.020858013867708358 0.03732087216683028
1 0.2225205777910074 0.7864128278561504 0.01606141109416672 0.029839584924711265
1 0.1834950985925699 0.8404689451216663 0.02223867591180557 0.02510875222792905
1 0.2698508258911463 0.8710082308350289 0.14912848423243058 0.05063291952985464
1 0.5542810304882991 0.9351457168263806 0.23383079255305556 0.07500197224094218
1 0.7193066184442019 0.9519141220958094 0.05214438145888885 0.04062749299664496
1 0.9665621717308337 0.8790596008300904 0.05098192496187508 0.06754549528848765
1 0.5599673328250004 0.8973266488354809 0.028779616641250172 0.04488772345271546