1 0.42890625 0.5168160508242973 0.0359375 0.036637191227543615
1 0.46484375 0.5342018481025008 0.0375 0.016041207038036496
1 0.50078125 0.5423922430818539 0.0328125 0.01576019408931635
1 0.57578125 0.5585856910747464 0.025 0.015291839174782863
1 0.615625 0.571139609746258 0.0203125 0.015010826226062849
1 0.59453125 0.5574616392798661 0.0203125 0.012711975651350205
1 0.54140625 0.5526004756871994 0.0359375 0.015947536055129823
1 0.39765625 0.5163906199077184 0.0203125 0.010413125076637561
1 0.378125 0.5026189784584199 0.01875 0.012618304668443535
1 0.6921875 0.5860899614688876 0.03125 0.013367672531697166
1 0.6578125 0.5812541713686968 0.040625 0.020826250153275123