1 0.19045915121604465 0.566719028140687 0.02869800296574949 0.025872753246410855
1 0.22402106771794744 0.5642876839852518 0.03513900395433271 0.03440003174561323
1 0.2395505672236559 0.5596361544039123 0.02276633794672147 0.0395676969694307
1 0.25889081623507265 0.5506967424272381 0.029525673916276675 0.06198386435752196
1 0.30023339923887826 0.5466340779255776 0.06297484387822054 0.09077985425611246
1 0.3561796517103362 0.5657461479118229 0.061094008897248565 0.07684247907575639
1 0.4147734017103362 0.5639279119818003 0.06310217787060939 0.09633540981166801
1 0.4730952376798914 0.5843561414197335 0.0612850098858317 0.08517581240908956
1 0.528977823155155 0.6006904336282008 0.0581600098858317 0.08507883982615504
1 0.5638939926228073 0.623234846327032 0.025891337946721472 0.03966466955236522
1 0.5870449911399325 0.6100075519550229 0.042980678859192524 0.10403842135592672
1 0.6139576596190016 0.6244610627778571 0.0269100098858317 0.08410911399680966
1 0.6428002426228072 0.6207862886079348 0.05956068380210837 0.14618995093726614
1 0.6855925790866539 0.6458660476272075 0.052992348821136306 0.13210711688250823
1 0.7283239071475437 0.6000639870216793 0.06048119665368965 0.2544747979791323
1 0.7665414901513493 0.5960982951029534 0.04680601581733086 0.13469094949441696
1 0.7592184214819998 0.7200245671086019 0.047893671939110406 0.04589903318846243
1 0.8097914244477492 0.7434730057816492 0.05427100593149916 0.05164853390988734
1 0.7952859140676258 0.6563608961133872 0.03590300790866543 0.06773336507894656
1 0.8179885850181531 0.6917931991439566 0.0440975098858317 0.08464246320294962
1 0.8518515904553606 0.7366083203564772 0.031279174904859985 0.07036568398232249
1 0.8814581774134987 0.7662668795198883 0.03434050790866543 0.06768487878747938
1 0.9078124303792482 0.7904668557106782 0.03245967292769336 0.05374750360712331