1 0.5303298184268362 0.464509009439558 0.0751835384745874 0.07740657559345801
1 0.46654757142206116 0.5215802419799559 0.051746038474587405 0.07678906150401642
1 0.3636383370311578 0.6162166846400267 0.04593254809323426 0.09549231560846723
1 0.28235113149619495 0.6537141748376759 0.03390377404661713 0.048034331045972795
1 0.5162970894782285 0.36234692967952564 0.03294147477225664 0.07393655966642546
1 0.5199900299522489 0.5402071293855608 0.04549603847458741 0.07662439108016533
1 0.5164185966498046 0.593334918530354 0.03999008293962447 0.04112352977171093
1 0.471324351459128 0.5850948168391237 0.046294646641955414 0.04364669076159974
1 0.5137648226031876 0.6405458974570716 0.060684528855940556 0.05816814261149127
1 0.45282732260318753 0.6421514340896199 0.026309528855940557 0.05726245528030996
1 0.39447910926367635 0.6330820117660542 0.029871038474587407 0.07621271502053752
1 0.31510906779386405 0.6552081456784953 0.03379464664195542 0.04331734991389759
1 0.5619567859426986 0.6498829092193953 0.03412202885594055 0.057468293310124006