1 0.9692618477175092 0.4831141153789341 0.03798338479802084 0.0948652727962037
1 0.9274691528112162 0.5021074369339804 0.04475021034569906 0.04719105673740742
1 0.8987076553184987 0.5321469257889805 0.023147994985435006 0.05901219503537026
1 0.8153950501456493 0.5576335688990731 0.05380696159934004 0.03289866413351869
1 0.8304290167595545 0.5842320010166657 0.023892141066226814 0.021560685156944478
1 0.8557927296125358 0.5667894924048139 0.017733069279472248 0.02553339133731498
1 0.8036391962264411 0.5954729997500917 0.042460284639735946 0.013809233282500107
1 0.6922015910535915 0.6218324650485177 0.031704641066226814 0.02180313576481486
1 0.685178701241006 0.6574430922014808 0.03050585391920819 0.03842131230990731
1 0.6603605576674967 0.6498856008133326 0.012681856426490867 0.008721254305925897
1 0.6083434166012699 0.6723191081586104 0.027971887305303155 0.06540766540009267
1 0.5837525935608741 0.6543449501037956 0.03843802586424747 0.11569860612953704
1 0.5526844499873647 0.6469814192019439 0.0238299565847754 0.0902621950353705