1 0.19758448744117874 0.5772256862735663 0.10443231402243486 0.05704317885919252
1 0.2866208314950841 0.583201113649884 0.09480441363342886 0.03341467787060921
1 0.4781638979116832 0.5923453033834913 0.16152312738725666 0.05369268577927464
1 0.7703228008106354 0.5960326719762913 0.07342354982867116 0.04071784190105419
1 0.8416472879922617 0.6023755138773454 0.07567873057331957 0.03296900889724874
1 0.6754055644393039 0.2926874960828484 0.07815944097437272 0.07359400889724857
1 0.5935511161527522 0.31496440269891945 0.13616966794481408 0.04061968281352524
1 0.5032744168983203 0.2886764753226017 0.08962616857461805 0.037974843878220456
1 0.43897135468659415 0.2856178009120335 0.0867031042604555 0.03478617688202608
1 0.11518350999361511 0.2554488453610953 0.08756181170697386 0.04884867688202617
1 0.035562536862161175 0.18026050296574953 0.056622459072011806 0.12302100593149903
1 0.3995056337455496 0.1754787969577008 0.08085697563213022 0.028408842889637364
1 0.4861263262573532 0.16423489083592133 0.07841097101047804 0.03303267589344294
1 0.6088212631935288 0.14056923916276612 0.11075550234327027 0.07123301285158128
1 0.6922023024961133 0.1432923325466951 0.07107295714552088 0.046904174904859805
1 0.6540897015837976 0.07765274509426517 0.08991240439012418 0.04266234387822052
1 0.654341231619903 0.03709141209045956 0.0518518621469097 0.04489600593149905
1 0.5758218484810725 0.04696381920082221 0.06421200297307408 0.06858817391627661
1 0.5810825052885352 0.0884337361970166 0.050229859192374944 0.018333505931499027
1 0.5488724443734959 0.16413673174839233 0.05861740438085429 0.021649506920082207