1 0.6312191777615912 0.5068695281964207 0.020830697240056394 0.05361827321839504
1 0.5565776879078609 0.5468540427189514 0.00967500892845372 0.03094347652814804
1 0.09937884253424356 0.46541056855734586 0.017569329545304768 0.03960007733864204
1 0.17269361160896704 0.4809492828426546 0.014253414772652384 0.02002632590333333
1 0.17543678206366228 0.5199674787224077 0.00967500892845372 0.030943476528148196
1 0.9631628786550955 0.6887286050267298 0.020721603084255236 0.042507162107283926
1 0.8927549212687694 0.6955414199545075 0.020776150162155817 0.04806271766283948
1 0.8836702475676633 0.745185825729631 0.03955342370110628 0.05161633738580254
1 0.860823082795011 0.7636927944903099 0.019159103084255235 0.04244250861185195
1 0.845747507713933 0.7866896973948161 0.039607970779006865 0.0571718929413581
1 0.8102736578760888 0.7379804447776555 0.02217500892845372 0.0314607044916051
1 0.7894156870970821 0.7926955048925938 0.025436376623205526 0.04547890037135795
1 0.7667867106360323 0.7889802514310507 0.02066705600635448 0.03695160655172837
1 0.8185810357171104 0.7675027056691988 0.02837046185055314 0.026163762917777767