1 0.44593096836358087 0.49756405987897734 0.03790241439185813 0.07611518470374724
1 0.47665658354122725 0.42901661182667744 0.04444782092583353 0.20676771284223733
1 0.5141544294884512 0.4899509913355814 0.07009848428423418 0.11319602164420373
1 0.5323265407371564 0.39321363202803195 0.048005160462916766 0.10418388023032858
1 0.5701133310600278 0.5028076089395144 0.05992296360606986 0.0823495483398446
1 0.6112499073625448 0.4248530995595295 0.06733735731976367 0.12698793795015825
1 0.6124463802742396 0.4985611832535751 0.030924668320799497 0.04814346176010026
1 0.47067194913315846 0.627603479792055 0.11907963978475244 0.0758586940822675
1 0.5181484166681697 0.5762560476125617 0.03455909057054054 0.06768487878747938
1 0.553501565758547 0.6593641630522206 0.03837329528527036 0.03449700432854791
1 0.5695097094722407 0.6153803383767152 0.018642992142117266 0.05608890476169551
1 0.5415302586864523 0.6089520295747488 0.01715326674922295 0.0588181962480061
1 0.46226228970369904 0.560621652230851 0.02743579528527036 0.034157600288277
1 0.4342100643108049 0.5569711212066624 0.02074914764263518 0.01729698845574114