1 0.5932539482785687 0.28865117763938364 0.09437004809323427 0.11492566734160509
1 0.579516341292327 0.39094405420142064 0.07109623920022674 0.12228919824345688
1 0.5311606868458233 0.3847731291763588 0.04237103847458741 0.0905698797701234
1 0.6123362757758977 0.4715330977675935 0.04840278366526398 0.07971738264074082
1 0.6274131495523623 0.6194988351872849 0.027018856986241603 0.10381223370469143
1 0.5755133436545797 0.6743420410301861 0.036810519237293705 0.04593147483938272
1 0.4791939043616857 0.6022456420101242 0.023566474772256464 0.08701626004716051
1 0.6874826087155222 0.4273819165783961 0.028546640651505584 0.18159001148246906
1 0.6830356669755574 0.6537708054672849 0.04969246515360979 0.06589314724728391
1 0.7314186032732266 0.658552841603458 0.04974702885594055 0.06867092502506185
1 0.7842435029104069 0.6760288382259271 0.06057540145127902 0.06356794393753092
1 0.8612871525475871 0.6945069640275939 0.06241071996293286 0.07752148632185193
1 0.8227876477382636 0.7040340645006186 0.0272718281303014 0.037210220533456906
1 0.9224875473754441 0.7234496659860508 0.06493551923729371 0.047095237757160485
1 0.9667831843987524 0.6974821860803718 0.033541675497895794 0.1179597365753087