1 0.6482802219525932 0.5870888630844989 0.08157726400381797 0.054202904078896726
1 0.6047029446212748 0.5629630763919391 0.03324885200509069 0.0683639933139135
1 0.5616251066200022 0.5818524327157145 0.05817612667090888 0.058546083457847446
1 0.5155677192870931 0.5786812169741485 0.0361738573360908 0.0379700879152384
1 0.4874881726209567 0.5731916239416298 0.023619313335454528 0.028990153954382612
1 0.4640688539545021 0.5716262223404568 0.02512726933481808 0.020737645699489663
1 0.4936205412953655 0.47151984727819984 0.025218176002545434 0.034626534588378555
1 0.5194926979630926 0.4562973445950456 0.028361357336090798 0.03756596252303694
1 0.5580103052991834 0.41820601906214666 0.05039998933799979 0.0636975136212014
1 0.5847364373010924 0.39183199272866115 0.0582852146721816 0.07521275012451412
1 0.6285046186346378 0.38679111275455436 0.036246582670272434 0.049081199026349664