1 0.28112963196213814 0.4879316440912877 0.0442590773392725 0.07652961748561615
1 0.42675121463241067 0.443206258690252 0.07309314934754489 0.18279244611767384
1 0.5080830306333652 0.431800082467887 0.11916926535645338 0.29738135118429787
1 0.5500534493157281 0.2311241682697479 0.07140338001272681 0.16375489766710052
1 0.5993818346594548 0.0984620832809969 0.038445429344363194 0.14168377150941017
1 0.5794216812937745 0.5126903546725172 0.08268632535009016 0.21549599769067848
1 0.5130330652848658 0.6261567980093103 0.05067270934118149 0.1010493765053004
1 0.5621694519414573 0.7557387832102631 0.08161362667090888 0.05516991073415674
1 0.516275696610457 0.7253811039183522 0.04280566534054522 0.0928181559915645
1 0.951367764600594 0.856150599889158 0.03323067067154532 0.06283199572290768
1 0.45664834731063736 0.29540090502585703 0.04436816534054522 0.0928339653117031