1 0.8152970764056082 0.319328590233127 0.03117109514371954 0.15727614759043904
1 0.8466236327529565 0.3563795921747822 0.0438696719450391 0.08754973540435028
1 0.6743394557933524 0.37292151473995994 0.04135242570596294 0.03844353198162061
1 0.7632655634734844 0.3822554836673161 0.061710389812585476 0.04131015778551515
1 0.29977371331519986 0.461325643278792 0.044704746239076346 0.050207340696238556
2 0.09907737984996272 0.5320604078153627 0.15246708511458978 0.29121676659638424
1 0.6947081285963215 0.531243538043519 0.022920674452321776 0.054309277824754795
1 0.4339608452102267 0.5548270232992475 0.03786371285298138 0.01967037747261039
1 0.6775517208370472 0.5693667198618688 0.022920674452321776 0.054309277824754795
1 0.31464254387744306 0.580933133265265 0.021523310503983595 0.143012758829763
1 0.49769072459797103 0.6137625027256984 0.02728992570596276 0.03807648622378439
2 0.8321111887045936 0.6201535865916764 0.2625695108205527 0.3314547445052048
1 0.6160088155850555 0.6390582619185595 0.04704013605166182 0.0899677497264446
2 0.0802949729486183 0.8144240338623491 0.12504076708875883 0.24613093457820717
2 0.3691756165221276 0.8313146577215085 0.08384145407749281 0.1352982789165125
1 0.6880620088419956 0.8326250157714067 0.038954851411925874 0.07574514382775031
1 0.7357038869760987 0.8747771349601327 0.06936977711788864 0.11390319577549846
1 0.796527726709542 0.8822087880727506 0.04667642319868044 0.07127616094139787
2 0.4588234190420454 0.12067580409772005 0.3042281619159093 0.22512002912667706
1 0.84979776002913 0.15308817270640818 0.04373327962517095 0.08054038960995762
2 0.15229828589337732 0.19206044119275983 0.30459657178675464 0.3747750879929963
1 0.9081127137109114 0.24928448111700718 0.05002874373179367 0.08303996965601576