1 0.5351111931564675 0.39204545454545453 0.0802896778706094 0.07727272727272727
1 0.2035760557805873 0.7647727272727273 0.06501750494291585 0.03409090909090909
1 0.2613076427387256 0.7397727272727272 0.055451503954332716 0.02727272727272727
1 0.40441831418354424 0.7068181818181818 0.020821835969555204 0.01818181818181818
1 0.4195803991645162 0.6954545454545454 0.019896005931498983 0.04090909090909091
1 0.4430178991645162 0.6954545454545454 0.02563666996194396 0.022727272727272728
1 0.47155673463977976 0.6806818181818182 0.03032416996194396 0.022727272727272728
1 0.5509404871112377 0.6636363636363637 0.12958934091247104 0.05227272727272727
1 0.5877056580617648 0.634090909090909 0.024265170950527094 0.029545454545454545
1 0.5441612465027779 0.5988636363636364 0.02869800296574958 0.020454545454545454
1 0.4274830824723329 0.5806818181818182 0.01801517095052709 0.029545454545454545
1 0.6252640078714844 0.5204545454545455 0.01938666996194378 0.022727272727272728
1 0.6356895133086918 0.48295454545454547 0.0269100098858317 0.06818181818181818
1 0.6598737712173571 0.4284090909090909 0.035584672927693364 0.04318181818181818
1 0.8061240301146058 0.36704545454545456 0.014890170950527092 0.029545454545454545