2 0.36065153328147825 0.5113221904270704 0.41826262499835226 0.3796026114629265
2 0.8480151655867265 0.5443697791839177 0.2929353425309483 0.3459693667232992
1 0.36081340016545105 0.6992180719819008 0.03187729139585782 0.05535666799241859
1 0.4070065616916926 0.7599526044869607 0.04306025324641087 0.07696154873812201
1 0.26998780276323886 0.7797976984520542 0.03823638555165916 0.06501955088667691
1 0.6911497366106147 0.7923367808705519 0.04429547077900686 0.048860837536803765
1 0.6113667792242885 0.7970692962692272 0.033412517856907444 0.05307755303523207
1 0.6960321055231823 0.8430453245297885 0.01937729139585791 0.054810244926906664
1 0.5434701672115796 0.8551651361418654 0.04443183847375849 0.060597926738681696
1 0.6185110775200051 0.8549225477743742 0.04577615016215582 0.04188688689886606
1 0.8123838084452817 0.8528287250081206 0.03653751785690744 0.05321415880161018
2 0.2518334610397742 0.1895029743867578 0.37275921022569997 0.36118990296781633
2 0.8956789184261004 0.20942779981931317 0.19301716314779932 0.34864023572032965