1 0.9804752893705583 0.9027711295630177 0.019022735389503255 0.025726047491113527
1 0.9194968790621327 0.9031120925008495 0.01899546185055314 0.02325691168864439
1 0.5589997098252535 0.9141016298641881 0.012800008928453722 0.027850286804775273
1 0.5355622098252535 0.9128082680311603 0.022284103084255057 0.0382441747478629
1 0.49325197889997696 0.9215913278428217 0.012718188311602674 0.020442879397367865
1 0.3692514172115796 0.8949834237080216 0.039471603084255055 0.03919264009208308
1 0.3353985685915514 0.9165863952041389 0.028670470779006862 0.05093475024901597
1 0.29475993182207627 0.9155791359281256 0.017405688311602763 0.020701551763973546
1 0.2626974541432106 0.8458671947939855 0.0222022824674041 0.03083676734045549
1 0.09206162581572183 0.9365118775350851 0.033248876623205435 0.04131687940574483
1 0.16534516721157963 0.8837311757606809 0.020803423701106105 0.04556535803306832
1 0.16493606412732453 0.920768212797718 0.014362508928453721 0.02793651092697698
1 0.2187741302799487 0.9299157845198545 0.014471603084255057 0.03781305413685352
1 0.1993247008967997 0.9214305755849239 0.015870461850553054 0.023084463444240696