1 0.5582573763454151 0.17265625 0.1143004013916248 0.09375
1 0.5742091284274665 0.3734375 0.09750437080865289 0.065625
1 0.23675970390403273 0.44296875 0.09487898365402361 0.0359375
1 0.7224377693931354 0.42734375 0.3456763062241519 0.059375
1 0.32203800856747705 0.4625 0.26518802575491407 0.046875
1 0.769932276159258 0.4515625 0.243925183745011 0.0484375
1 0.8568121028303479 0.51875 0.052490836981993985 0.0546875
1 0.39023911917896004 0.55625 0.054909918114958066 0.0609375
1 0.28040631730821935 0.5671875 0.061974609226963025 0.0578125
1 0.7411103966793067 0.534375 0.05251834445154931 0.0578125
1 0.6289135286147126 0.5453125 0.059596789298332065 0.05625
1 0.40759217602042785 0.64765625 0.05488241064540274 0.0578125
1 0.5186413953250394 0.640625 0.05723272310447837 0.05625
1 0.30371767770604263 0.6640625 0.06437993662514943 0.0625
1 0.8718836158866284 0.61953125 0.05015427825769588 0.0578125
1 0.759700501556812 0.63203125 0.045439899604766555 0.059375
1 0.6475036334922178 0.64296875 0.05730149177836681 0.0640625
1 0.5396780888050642 0.74765625 0.062043377900851335 0.065625
1 0.5621534077790727 0.078125 0.23275127831029438 0.121875
1 0.9371514564988908 0.9171875 0.059596789298332065 0.05625
2 0.8163799228943711 0.08828125 0.2521451885783404 0.1765625
2 0.23299196866890362 0.14921875 0.4659289223986966 0.2921875