1 0.6221470593438969 0.850796137085577 0.133762877997928 0.1337225174599391
1 0.6515625 0.9812206572769953 0.1125 0.03286384976525822
1 0.6229196931327932 0.6490411188710485 0.0521147717116218 0.16983352489218917
1 0.48814443279371095 0.633781258311562 0.059126751033457305 0.1441485020455821
1 0.4465177049196175 0.5755729968949853 0.0744264193542568 0.1843004374475111
1 0.2847111019430801 0.21730332750586168 0.04633565260503385 0.13454031324804058
1 0.2678832826698765 0.5560271985487983 0.06940927956950463 0.12321294423873602
1 0.1791696931327932 0.6412837498916588 0.057016287427387444 0.07607338467469008
1 0.20465769065159384 0.581902601853417 0.026164393713693723 0.037995720318087615
1 0.7045206418516669 0.3595455580757596 0.050329639784752266 0.061879618914416935
1 0.6476028618678775 0.46295403681153485 0.030162688998963995 0.06621936376160446