1 0.7901939464259822 0.5886237442758242 0.03006932954530477 0.03364236205078895
1 0.7528575876596844 0.6017248673784598 0.04451365909060954 0.066874980793404
1 0.7224297479681099 0.6044469946880837 0.022638659090609536 0.06630134016196021
1 0.6964263555165917 0.6518724967918872 0.03713753571381488 0.10422879458532618
1 0.6620240819776415 0.6486236436735285 0.047638659090609534 0.06695692945503867
1 0.6124916862797125 0.6203376470884608 0.08091480925276535 0.10772349368858933
1 0.5564326010523649 0.6352944960616632 0.039826159090609534 0.06675205780095173
1 0.49492808522405235 0.7193362740026755 0.05648755357072251 0.15636367904339818
1 0.46082582061355576 0.7419090171284483 0.034203450486467446 0.12057877080632033
1 0.4422843262955986 0.6921420376761608 0.03352161201270896 0.06189332479693093
1 0.4214457207757115 0.7807702749789893 0.05788641233702041 0.142320146331962
1 0.40138836525582444 0.8694189994472264 0.025600017856907444 0.05229878178134137
1 0.1974028798696163 0.1178183348556134 0.043632997564368024 0.12551945247197624
1 0.31976307508107793 0.028332302295353277 0.03952615016215581 0.040930461556820286
1 0.5272184338440805 0.7424767172680007 0.04144320616851012 0.07148786781252049
1 0.5367201189092724 0.6864050222492997 0.0365920649348082 0.0572804377778147