1 0.6833987959319365 0.23624205051308914 0.09715352570316256 0.18712846165744706
1 0.6538479001902804 0.08864952963780294 0.08028967787060921 0.08322735073222019
1 0.5854188937644897 0.1373612015022541 0.05072951186299797 0.08662443163238026
1 0.6058322114452561 0.2478390056722594 0.07467634783255335 0.10642831760322002
1 0.7523915350575217 0.3105990580603838 0.07856535178688588 0.1347339374541051
1 0.6804701141069945 0.3442232711703661 0.07184050790866543 0.059411657912519296
1 0.5485807855518132 0.3159914575559855 0.07193334980971962 0.1203762188790955
1 0.5896713591640788 0.38336195455936767 0.09310801285158128 0.09551086299961019
1 0.5515691812934694 0.46474512744548474 0.07649351581733085 0.11588629184791137
1 0.6782125943353311 0.4850000387097123 0.11398819863085592 0.2324124294564732
1 0.6067686758562619 0.5010186180168777 0.060168178859192525 0.08938166677189
1 0.5853446620160975 0.6004298019109204 0.24115819368794006 0.20280199827233789
1 0.5565418882901013 0.7705025811073923 0.21660386266130088 0.21814107702394286
1 0.4869204549822845 0.8919500545818921 0.09122717787060922 0.08370547091454307