1 0.028125 0.4429244338762725 0.04375 0.1537294408873007
1 0.09140625 0.46826027864248654 0.028125 0.11576101213311715
1 0.19609375 0.4526042003556542 0.0609375 0.15183274068591662
1 0.11640625 0.23403661423203706 0.0640625 0.09557666117853736
1 0.43203125 0.29031379001724844 0.05625 0.20335301018172727
1 0.49609375 0.2851127156931712 0.05 0.20084169501808205
1 0.55234375 0.28481134870393215 0.04375 0.17720361929105657
1 0.609375 0.3537383208403642 0.0375 0.1559129614044067
1 0.60234375 0.4619039259863196 0.0328125 0.04076656423355065
1 0.12265625 0.5026520596317722 0.034375 0.08540847753150414
1 0.5375 0.4483461447528009 0.0140625 0.042622290104117395
1 0.56484375 0.4687558545268764 0.0171875 0.07087325285025911
1 0.6625 0.30304941894468485 0.0109375 0.058972266325111565
1 0.6890625 0.3446063764475494 0.025 0.1790593451616232
1 0.71328125 0.3709665794841987 0.0171875 0.13660095238077555
1 0.73515625 0.5581863660828019 0.0171875 0.07556808853101028