1 0.5634160427436529 0.5621698495219399 0.039226126463433174 0.04161799482860984
1 0.5258705909482548 0.5733174919176672 0.03914431323171659 0.020975792993747452
1 0.48914729576871496 0.5741507052191409 0.03445681323171641 0.020935762054681277
1 0.41335241023009556 0.576943905343381 0.026635222872636886 0.018575465841252806
1 0.37192797951193635 0.5811774546782655 0.02194772287263689 0.01853543490218663
1 0.3946205909482548 0.5721966256238135 0.021938632513557366 0.016241856920535255
1 0.44772741023009555 0.5772374655631999 0.03758181323171659 0.02096244934739206
1 0.5946478620254936 0.5670238784123508 0.020367042154477842 0.013934935292528487
1 0.6157825186413519 0.5568829167207175 0.020376132513557365 0.016228513274179863
1 0.2945751391528567 0.5828105221653246 0.032885222872636885 0.01862884042667451
1 0.3289455939733169 0.5842508713759691 0.04229658430895533 0.027883214231412497