1 0.4773564427230177 0.5964868119351314 0.034267992142117266 0.05021759908202623
1 0.4685422148489241 0.6562791191346411 0.029726041356328815 0.05494841826078458
1 0.4893212876367844 0.7993487371093688 0.029507717535011226 0.04759547708431372
1 0.21081529797586662 0.7756854194219502 0.02140411910658786 0.037506319506426994
1 0.1877587876367844 0.788338627151961 0.01649829528527027 0.029982236724400896
1 0.14627760897690262 0.8420309823282682 0.02260274607105859 0.0253084647474947
1 0.23137820099518525 0.8733548529399241 0.14982021753501132 0.051988111626906565
1 0.5132981350317506 0.9400814690956435 0.23485018899896398 0.07712748405631831
1 0.6777780119962212 0.9583548508517983 0.05272689371369381 0.04109824393562095
1 0.9285806867271618 0.887768493201145 0.051964914391858484 0.06800198104749469
1 0.5206761414418913 0.9023194618246194 0.02943494292790554 0.04514449669215713