1 0.5875548581423503 0.587966207784942 0.03243206677218957 0.07319194805156776
1 0.6124866619824163 0.592908655115085 0.01474446159934022 0.04210304328987209
1 0.6259725004622185 0.5808207885925568 0.029170674452321778 0.06476164213529974
1 0.6474383235026143 0.6064995966730986 0.01925010517284953 0.031137391053162843
1 0.6829044620615587 0.540899628418712 0.023983069279472247 0.03406062770534232
1 0.6790065722489731 0.5880248780579996 0.027517246239076344 0.059157600288277004
1 0.6656427542231421 0.6404147655040392 0.03587531551854859 0.09273336507894657
1 0.5786739516367174 0.6530015541053834 0.01961381802583091 0.05335961327538491
1 0.5961425964638678 0.6841147020128125 0.023846676959604095 0.02572729437200899
1 0.6235090785171792 0.6835743232246009 0.025409176959604096 0.02577578066347633
1 0.6404381657433401 0.6521389848405629 0.022466033386094965 0.03678991919165292
1 0.6485318105704906 0.6829612149991884 0.017505748746358664 0.019977793650584393
1 0.5725005079840658 0.6958874076408036 0.008176212852981379 0.022464653679558605