1 0.2640625 0.6534493331117476 0.06875 0.07733949886437691
1 0.271875 0.6081681450862936 0.025 0.04207694250459379
1 0.32578125 0.636541901199033 0.0390625 0.05847778080296267
1 0.353125 0.603057743109944 0.03125 0.049107806037718915
1 0.36328125 0.5484945242582491 0.028125 0.06768539752697031
1 0.55390625 0.6617730713208924 0.0890625 0.18216654953307995
1 0.775 0.7718270781075206 0.0375 0.07241773933828591
1 0.828125 0.7094963948832705 0.0421875 0.06315600326719938
1 0.471875 0.6947836851230431 0.04375 0.1027044168248994
1 0.60703125 0.8366516904222236 0.0390625 0.08871033894249729
1 0.70078125 0.878161155047008 0.034375 0.058437191292653574