1 0.307869485702725 0.3931753422794529 0.10467686562705039 0.1828425391110295
1 0.3827846195813831 0.21249577138696932 0.0973737015966055 0.19733449445702622
1 0.4995423325466951 0.47372002290633225 0.14874520060802238 0.19323170682050683
1 0.5606124837255587 0.38907716553974725 0.08637785178688588 0.10520880274419941
1 0.6431106018240669 0.5850860810365203 0.10936436562705047 0.1829708953151961
1 0.7154074130790427 0.4640208009986935 0.052546679847775654 0.07489854460915032
1 0.6334570761209044 0.4415753718911771 0.05041117688202625 0.0583116415607027
1 0.6226482045995361 0.6928787896679336 0.06616351087441501 0.062415966162827005
1 0.30045616410480697 0.9228002655094772 0.04384284190105418 0.04894932348455892
1 0.36528532665237706 0.9016193111913402 0.07684634288963732 0.055362522796078485
1 0.38048456231792105 0.8221481080131947 0.02471083992388783 0.0374064869031861
1 0.37745240421897525 0.869813869456087 0.024519838935304607 0.031891781020833364