1 0.2460344426236547 0.7729397026973167 0.05554221542045106 0.044313621339908946
1 0.6674444451065937 0.6194270880808145 0.11827978592484766 0.09651246801399935
1 0.7919705462934407 0.5894497814289956 0.0947143580228493 0.057213610677908554
1 0.7402723418250471 0.7444094540897231 0.11834167982627909 0.10119996801399936
1 0.6469402809341634 0.6950083434118146 0.07857122951004498 0.04298747867599957
1 0.5619770748631392 0.8175913207351787 0.11275432398390656 0.08083292401336309
1 0.6291369538307726 0.7674918707431329 0.08751900293890356 0.049328385343726744
1 0.665432272212256 0.8389674287475872 0.0864061549087808 0.09931020401018138
1 0.7413433061563955 0.8647492260900413 0.09160151604208835 0.08998974801081801
1 0.9205044666405212 0.7931389501113586 0.08958089079097317 0.07122156667727211
1 0.8445728013959047 0.7689196527689044 0.09106510222968392 0.04936474801081765
1 0.4936533907120105 0.7543822487269063 0.08215859140177914 0.046148841343090476
1 0.5378255181910042 0.6993589413987698 0.10518760549137306 0.044822698679181275
1 0.4323490744929519 0.7639112427195884 0.04381170081846488 0.0957488520050905