1 0.5048834474800822 0.6394406656192442 0.08834709765100221 0.11108329299917206
1 0.5136650655850554 0.5592868744403885 0.07416492570596293 0.03390299583565597
1 0.6124291745188286 0.5808898581757961 0.0365739974927175 0.029445437678441523
1 0.5794060743605441 0.6618974486003396 0.08660274122451135 0.10273783918706579
1 0.6330850038274307 0.6727322717846688 0.03798338479802066 0.09402877101177486
1 0.6135022780423255 0.7465512196121147 0.048193459092057724 0.06078028102985134
1 0.3525396974800823 0.6382589189388937 0.014471676959604097 0.01885908430895545
1 0.7267524358015998 0.713048894083758 0.06377299498543501 0.05881815248424639
1 0.7167720305496079 0.776523898117174 0.05954013605166182 0.07961512438126116
1 0.67557036902941 0.7668277054296941 0.04993781551854841 0.06912573484195737
1 0.8204379028112163 0.5377041549465286 0.06542642319868044 0.06299693962968575
1 0.8208865321989606 0.5887579420919681 0.04153428213245362 0.041981799114760084
1 0.7888325501456492 0.5895511389437919 0.020903533386094963 0.02724089955738004
1 0.7905170705996204 0.6197776529952844 0.03344899749271768 0.029421196720896128
1 0.8263181782797524 0.6263064240070594 0.025636497492717326 0.0293605943270317
1 0.8039059691876946 0.6865594642102929 0.04778428213245363 0.04203028102985134
1 0.8055450255350429 0.7188693115951188 0.04121603338609461 0.02739846578142675
1 0.8034369562555709 0.743857191116346 0.01925010517284953 0.023062112411940443
1 0.7539801770261112 0.6111594884107897 0.036892246239076346 0.04402877101177485