1 0.6610813106222879 0.442482828556272 0.020967264427970277 0.028524104918070683
1 0.6435217883897695 0.42456307593914877 0.011319445916316085 0.016623127639163314
1 0.6260168298595816 0.40429590548165006 0.01767857332097762 0.02142722203793411
1 0.6751884506408213 0.47443245885663893 0.017842264427970277 0.02846947555906087
1 0.6884052132546932 0.5110632674980046 0.018169646641955417 0.04255398260131439
1 0.6730431080825501 0.5331042475262762 0.012881945916316084 0.016650442318668354
1 0.6352702895708957 0.5441857844200366 0.05361607332097762 0.02205545966654667
1 0.5808010443802192 0.533840099275863 0.042842264427970275 0.028906510431139093
1 0.5371328899337154 0.5295541614891626 0.03330357332097762 0.021700368832983166
1 0.5100619584453697 0.517339065395949 0.02409226442797028 0.028578734277080492
1 0.30467505399886596 0.5102260582804921 0.03341270072563942 0.026395204513734342
1 0.2865798184268363 0.48172926804192634 0.016116073320977708 0.021399907358429338
1 0.24040422287333998 0.4844446117570954 0.022311509618646853 0.01916174823607324
1 0.20697416398033255 0.4768150926266134 0.036374009618646855 0.019407580351617257
1 0.1116988695152954 0.43992397223142865 0.04651290145127884 0.052435318193904776
1 0.15167653957089572 0.535731891113272 0.02409226442797028 0.028578734277080492
1 0.2763466681566838 0.6529815116713246 0.02921627404661713 0.047440021038599775
1 0.25404508222183436 0.6373272328560623 0.023511911069925694 0.07080494072433602
1 0.21448407441728606 0.5908424033016112 0.05561508293962456 0.04086211706905627
1 0.16758179256612063 0.5911966718366521 0.039444445916316 0.017114791870251483
1 0.1353322877567972 0.6000263922683042 0.02376488221398514 0.014494227234826972
1 0.10927821924514292 0.6113127892583514 0.019241073320977707 0.021454536717438882
1 0.08405996443581949 0.6202654257477755 0.025436509618646852 0.019216377595083184
1 0.06457584365457973 0.5506478512833796 0.027380955534962847 0.035675617157217066
1 0.04092008884525631 0.5596278024523085 0.013045637023308566 0.023692695839795115