1 0.58960928880766 0.31549101371018007 0.07040555770672874 0.0829960384745874
1 0.5402395409085002 0.3167732607149552 0.04595149337637706 0.048020837748947984
1 0.49720287812303654 0.3186730666127377 0.03508052243219404 0.03837301923729371
1 0.6309312040376722 0.3503918033658938 0.07248391686662245 0.1361210384745874
2 0.7989871903403082 0.3726164890305908 0.33316518786091415 0.30834824645662096
1 0.4634752592527671 0.3703818995523623 0.04731879518549001 0.02932540145127884
1 0.344808344366463 0.3742459987340557 0.053637482051997656 0.1371924651536097
2 0.15424315588407891 0.3948362956461635 0.29039236143496305 0.34157740870767295
1 0.6285103244014238 0.4497742444728864 0.04229996659937416 0.061974210344286365
1 0.4500723928392857 0.43094737731984367 0.06652568394548959 0.19840278366526398
1 0.5967114018236539 0.47015123185901464 0.05068084676767172 0.11526290145127885
1 0.5516044628073482 0.472886851459128 0.08312654082656921 0.24722222958158008
1 0.5087511846536397 0.4794741573569106 0.08635017012947643 0.2223313569862416
2 0.6930156197385363 0.6741095563611187 0.2568400442673969 0.3422668894703792
2 0.538790019760714 0.10429563039988661 0.8969077706138648 0.20859126079977322
2 0.5100587483003199 0.16349449329176005 0.8548523168568309 0.17829373574166577
2 0.31852359137762604 0.21304560390619875 0.5071744818146992 0.14272822485707454
1 0.6279471623071217 0.24723952151472836 0.06379739564539955 0.07501984736759475