1 0.95546875 0.6801801801801802 0.0859375 0.17567567567567569
1 0.9070610872856119 0.8074324324324325 0.12108137023308566 0.22522522522522523
1 0.7896627669598589 0.7342342342342343 0.13381449400955017 0.10585585585585586
1 0.7830060283926044 0.8141891891891891 0.05594246515360979 0.0518018018018018
1 0.7375844009879426 0.8096846846846847 0.02754464664195542 0.04054054054054054
1 0.7589286329317753 0.6587837837837838 0.04985615626060227 0.05855855855855856
1 0.7010714929132419 0.6891891891891891 0.060267866604888455 0.10135135135135136
1 0.6212475836574147 0.6835585585585585 0.10854167549789598 0.0945945945945946
1 0.6879192176854984 0.759009009009009 0.043005955534962934 0.033783783783783786
1 0.6440055265785058 0.7522522522522522 0.04769345553496294 0.033783783783783786
1 0.5992014580668515 0.740990990990991 0.041334328130301044 0.02927927927927928
1 0.6920536461786193 0.8006756756756757 0.02932540145127884 0.04954954954954955
1 0.6598859869227921 0.795045045045045 0.030942465153609787 0.0518018018018018
1 0.6269097958157996 0.7882882882882883 0.030942465153609787 0.0518018018018018
1 0.5924529502623033 0.7849099099099099 0.034012901451278846 0.04954954954954955
1 0.5469767591553106 0.7781531531531531 0.027926592558271325 0.05630630630630631
1 0.5482292351086936 0.7331081081081081 0.028834328130301047 0.02927927927927928
1 0.4329018462712865 0.6486486486486487 0.2824156851165428 0.11261261261261261
1 0.5898934015360968 0.5180180180180181 0.042261911069925696 0.06756756756756757
1 0.5226439033501954 0.579954954954955 0.08403274881887376 0.11486486486486487
1 0.4212698871081265 0.49099099099099097 0.09662700725639403 0.24774774774774774
1 0.47140878556418053 0.5934684684684685 0.05443452885594056 0.05405405405405406
1 0.34567217558271396 0.5630630630630631 0.07211310217691827 0.07432432432432433
1 0.28933040634542023 0.527027027027027 0.08249009618646852 0.18018018018018017
1 0.4995734802993702 0.7240990990990991 0.046130955534962936 0.033783783783783786
1 0.4509450073412122 0.7162162162162162 0.046130955534962936 0.033783783783783786
1 0.4942783450901601 0.7635135135135135 0.07022321996293321 0.060810810810810814
1 0.444923185834333 0.7578828828828829 0.03562996515360961 0.0518018018018018
1 0.47443956024376976 0.8153153153153153 0.09171627404661713 0.04504504504504504
1 0.36808786732267873 0.7466216216216216 0.027708337748947987 0.0472972972972973
1 0.3528795295737307 0.6993243243243243 0.13546627404661712 0.04504504504504504
1 0.33511167621568616 0.7398648648648649 0.034012901451278846 0.04954954954954955
1 0.3029985806621899 0.7364864864864865 0.030887901451278843 0.04954954954954955
1 0.34576892322046127 0.7927927927927928 0.06493551923729371 0.036036036036036036
1 0.2548686155085802 0.6846846846846847 0.046130955534962756 0.033783783783783786
1 0.2078299244015876 0.6779279279279279 0.04624008293962456 0.038288288288288286
1 0.1615452014434296 0.670045045045045 0.04300595553496285 0.033783783783783786
1 0.22292913474587386 0.7207207207207207 0.0309424651536097 0.0518018018018018
1 0.18919897549004672 0.7150900900900901 0.034012901451278846 0.04954954954954955
1 0.15627734808538501 0.7105855855855856 0.0340674651536097 0.0518018018018018
1 0.07277287812245191 0.6497747747747747 0.11520833774894797 0.0472972972972973
1 0.109211375127227 0.7027027027027027 0.0356299651536097 0.0518018018018018
1 0.0739459977225653 0.6981981981981982 0.03417659255827139 0.05630630630630631
1 0.04255958846673817 0.6925675675675675 0.034067465153609686 0.0518018018018018
1 0.020575461062076455 0.6880630630630631 0.00917659255827139 0.05630630630630631
1 0.22298120924797793 0.6261261261261262 0.040481156260602266 0.05855855855855856
1 0.8246032513507625 0.8220720720720721 0.027544646641955238 0.04054054054054054
1 0.761468334290387 0.8603603603603603 0.07916171034428618 0.04279279279279279
1 0.5486235939090338 0.8783783783783784 0.04344246515360961 0.0518018018018018
1 0.16677339318339435 0.8536036036036037 0.04311508293962456 0.038288288288288286