1 0.41517531224389026 0.7532620226924418 0.06813787799792799 0.13251321883658143
1 0.46437694561850174 0.729993581133504 0.049785984284234176 0.09468142978468802
1 0.4742377890845265 0.8401533195724992 0.0565068651776464 0.05983861512263465
1 0.32483710256676185 0.8420996777485628 0.04796661910658786 0.03627021483141699
1 0.5248777979758665 0.74560280433958 0.10309938296032684 0.2524877545808908
1 0.5857275607961482 0.6747022551218422 0.04985875889134021 0.09701787838281886
1 0.6270268029382653 0.6290132461397615 0.06715757485477489 0.1511640247596467
1 0.6807489623677248 0.6865358040952564 0.05832623035529281 0.11824983007590541
1 0.6856227069910412 0.5802681757422848 0.0565454065339754 0.11119970141953141
1 0.7240451980997011 0.6771433141081675 0.05222177956950454 0.12275959582424012
1 0.6037990105484792 0.8224898683028214 0.04266268899896399 0.06648091515919097
1 0.643987362905844 0.8375689143031337 0.05432793507002263 0.09013088117437183
1 0.687773750209397 0.8375426101395592 0.05196491439185813 0.06438916373295084
1 0.7581141370986652 0.6125588020311312 0.061125898676092486 0.15801023910611173