1 0.5591779512972462 0.3490444623922433 0.04196140340856669 0.13821256315055946
1 0.5373944545436571 0.43910531491851684 0.05484323295387146 0.17774805266697088
1 0.5270239703719697 0.33820137650026993 0.033385244317957155 0.06003065998058009
1 0.4967382268647915 0.5176360683860742 0.03823638555165907 0.07693980188256767
1 0.4889763198027769 0.6028028285397182 0.044759120941162675 0.10504087997410667
1 0.5258041639585782 0.6120145503074818 0.034865923701106104 0.05177815172568706
1 0.5405075921239112 0.6765649023792967 0.045994338473758486 0.07178837171921373
1 0.5667485381461517 0.8016605900131405 0.018223894480112968 0.10644463141839916
1 0.627689992286067 0.7193013327480812 0.033385244317957155 0.060030659980580166
1 0.652236024753471 0.7513818773655895 0.023901150162155816 0.04843459839882706
1 0.6291258072208752 0.7859275868755276 0.030205697240056395 0.05431345426814384
1 0.5969951456946336 0.8570693579672187 0.039607970779006865 0.057576182516563615
1 0.5964496749156268 0.8015138024116634 0.028670470779006862 0.057010406967481234
1 0.5969643234562249 0.37627132717634226 0.01937729139585791 0.06485878983017272