1 0.7369267208370474 0.5090671845169835 0.14749477711788864 0.1033819188298421
1 0.6835349478757937 0.44841941936596774 0.07038670783841638 0.07660004761841996
1 0.6960302508579298 0.23401790962563665 0.04925585391920819 0.03862730627661405
1 0.5634988956850803 0.253861757570565 0.03041492570596276 0.03402426298674198
1 0.6636075781214678 0.7168421368985636 0.04285274122451135 0.10302881601694527
1 0.378846133215175 0.7279320914466145 0.091199313011266 0.09998945562689272
1 0.2528208423072328 0.6645517002140108 0.03302310015828454 0.08197729437200915
1 0.2151844499873647 0.6699289469676 0.04092652837152997 0.08632578463167799
1 0.20539426134927813 0.7603721233745977 0.044324313011266006 0.09889851406887876
1 0.20462973172410695 0.8312236390672313 0.021403638558944317 0.05047274134180573
1 0.17390022044133585 0.6991917976173215 0.04769335391920828 0.038590941558013486
1 0.14449386526848634 0.7214357169898798 0.03444920783841652 0.07576365909060953
1 0.15216396127013582 0.7997789053014824 0.023829956584775314 0.09009243939373969
1 0.11416150758835439 0.714476604977171 0.023648100158284578 0.08175910606040636
1 0.06896266785491109 0.7082136948044244 0.0306422462390763 0.044440929653408526