1 0.7508900434604786 0.32664178435619795 0.2072288626613009 0.21869222089514848
1 0.7142721111412451 0.43481798419927264 0.09916701186299796 0.08938818192341877
1 0.6762190128144002 0.5382592724934739 0.0569450197716634 0.1424255077429001
1 0.6213630750579592 0.6836785914706356 0.11855368182494211 0.11372452190201028
1 0.57987325342286 0.5986648732065903 0.0682990138401646 0.10141848922901445
1 0.5764511175670357 0.3811602763031414 0.13675985376405214 0.15188743525052184
1 0.5208112712173572 0.4695932372377355 0.11482118676785795 0.1482436851672231
1 0.5523543843729496 0.2611763543602709 0.14638952174882985 0.1617354196249684
1 0.4864203196579327 0.1258788229180058 0.1593351907221905 0.17873304148231242
1 0.3874933883272823 0.22331285314953425 0.11676568874502422 0.1622593391754932
1 0.38032553406893843 0.3704555590541077 0.17291752965749527 0.21893251948814832
1 0.3636553458182058 0.5216713942733298 0.07244268577927473 0.13873053970495133
1 0.39835399798565263 0.6260285289868933 0.05637201680591399 0.12154383720925756
1 0.299943014297275 0.5050342203054856 0.07225168479069151 0.13176998286040378
1 0.24582851726302452 0.48084363860071916 0.07425985376405234 0.14810582248352316
1 0.2557712030422992 0.3466510342161661 0.07237901878308035 0.1364103540901023
1 0.22837571490529732 0.261328086017271 0.06925401878308027 0.13622127345175233
1 0.2112147312169197 0.1452498739329616 0.08656885277546911 0.1419015881923753