1 0.7781320455267957 0.3160959764714238 0.1658476235152495 0.2646153971441847
1 0.6314760058724948 0.27329074045688795 0.2183936134861197 0.39976610488489484
1 0.10865461982083288 0.3949631075977628 0.21592652837152992 0.10986396751491559
1 0.05879937232811533 0.4310091610017225 0.09658549498543507 0.07189990455525715
1 0.06139683808409065 0.4759165828827707 0.1227936761681813 0.09061966442313785
1 0.06721492907117518 0.5250604802642385 0.13442985814235037 0.10082243569793815
1 0.09180575211157106 0.577768145261808 0.18361150422314212 0.12748257740091243
1 0.4374626152684864 0.7846306733639644 0.08683006175762475 0.1325479513879202
1 0.05317018329431729 0.7635082802498776 0.05940374373179384 0.08610291148557361
1 0.10472930093707211 0.19379266983319213 0.1550344924781526 0.10847451415403832
1 0.2644991060307793 0.2039894741955693 0.07616534639736088 0.14602618689982852