1 0.84609375 0.9162490143260212 0.0609375 0.05340804267396461
1 0.79296875 0.8806873649192782 0.04375 0.05323027565196317
1 0.83828125 0.856607595295618 0.05 0.05607269598319596
1 0.81484375 0.46796111598218554 0.0265625 0.028052508629961732
1 0.75078125 0.8130681465995443 0.0359375 0.12814947246014424
1 0.73359375 0.7243570247326568 0.0296875 0.08641816324002258
1 0.715625 0.6995428720738401 0.0140625 0.03347877907860727
1 0.7015625 0.6635772067080029 0.028125 0.0586242248238812
1 0.6796875 0.6290812334228734 0.0359375 0.06981613912681107
1 0.53671875 0.3916710429442689 0.03125 0.036434323878386486
1 0.44453125 0.4092911872743978 0.0328125 0.05589492896119452
1 0.25703125 0.3959526861002718 0.084375 0.06753934113830995
1 0.19140625 0.36329809957821657 0.0515625 0.058866634399337654
1 0.1390625 0.3388394809634027 0.0546875 0.04223228900939841
1 0.72890625 0.6591277288699704 0.0328125 0.03922826229452785