1 0.5039757191304512 0.3245812502356056 0.013954703647222289 0.11188712821092774
1 0.4659321648938888 0.18460769572994012 0.014244337955902787 0.014761908126182593
1 0.4679122389820833 0.21253097671393353 0.011155705547083273 0.017345681629006213
1 0.5179499129940277 0.09331582075350069 0.009629573138263936 0.020026457269306915
1 0.4579021125571875 0.14101862841826066 0.008067073138263936 0.019929455131829834
1 0.5491239117597567 0.3996650355134016 0.009665940729444423 0.022804235047084693
1 0.5310096913950346 0.4096606220435263 0.0079579703647223 0.011596121798496502
1 0.5148573613229164 0.4489683784465333 0.014280705547083272 0.01753968590396037
1 0.5319721261405553 0.45559095751433676 0.011155705547083273 0.017345681629006213
1 0.5326092121965971 0.3472091231122649 0.011192073138263935 0.02012345940678399
1 0.5590989770142359 0.35441371500493074 0.012718205547083273 0.017442683766483294
1 0.5491252181805207 0.28012358893148004 0.011119337955902786 0.014567903851228437
1 0.5460917903688541 0.21321441692112073 0.015879573138263936 0.020414465819215227
1 0.5429128921924653 0.15741635602187243 0.020676175911805574 0.029038805564979793
1 0.5398976481763889 0.0891182951226242 0.014244337955902787 0.014761908126182593