1 0.04932383539874487 0.6007657833246922 0.05702059553293931 0.14047586829485342
1 0.2028662123632156 0.5882763337049349 0.2807834272121397 0.11354934292248052
1 0.13790049193272017 0.6863581605763877 0.1106550177826803 0.15459012890369997
1 0.259338844290085 0.6726750842485049 0.14960620181924558 0.11268275285933868
1 0.4860447394515209 0.6316928547326689 0.3075300177826804 0.15867811808763208
1 0.4575280953235423 0.7820348834100309 0.08711050992479752 0.191245740355649
1 0.5582729580199894 0.7790128542504211 0.10447779238978612 0.1563190875287688
1 0.6229733128585536 0.8139442108868656 0.05792812406898662 0.12377968811814023
1 0.5695080186067406 0.90620649689036 0.06679370181924575 0.11096320185339922
1 0.81328125 0.637546468401487 0.3703125 0.13382899628252787
1 0.7474403118250963 0.6978846516738956 0.05069351282028158 0.0586265929605479
1 0.6960404776646966 0.6831398368229049 0.060684942927905536 0.034690134697531946
1 0.89296875 0.7239776951672863 0.2109375 0.09851301115241635
1 0.8304754437519657 0.7817318481212207 0.10225601282028159 0.05969725679443479
1 0.7697969629823882 0.8694932935897279 0.03506851282028158 0.05830214937452152
1 0.8082772661255413 0.8538122961488256 0.03477741439185813 0.050867205136603304
1 0.06084341645877276 0.2759134533871692 0.0874358416039979 0.15967967170309905
1 0.22598041893997212 0.31992078742992247 0.252512877997928 0.10924787234867399
1 0.15651548138875016 0.20323748853498017 0.11512419396136275 0.1491112538010692
1 0.27541318465573783 0.24448445903755206 0.14433650496239867 0.0977155313076944
1 0.06781277791236553 0.813380173804184 0.047714062034493285 0.06227917636230165
1 0.10941808105551869 0.7976342876460765 0.03485018899896399 0.05272594119608286
1 0.09506209698068137 0.07150585719188692 0.03848461124870502 0.06580198232964499
1 0.13599746608726923 0.09855956693971303 0.031506865177646406 0.04708484430043894
1 0.49558444354707804 0.3161828716304475 0.3076027923897861 0.16053685414711152
1 0.4771169257643977 0.1640260696219452 0.1117466368892682 0.18247116979589328
1 0.5764833790313852 0.20567859460704999 0.12311647642635144 0.1139899348225735
1 0.6055308701400451 0.12880530681703425 0.10716183664159917 0.06537079804868139
1 0.603291973945152 0.05165153816933148 0.06472177956950453 0.09791960507843958
1 0.81796875 0.37267657992565056 0.3609375 0.13197026022304834
1 0.7326114086008899 0.2991695447362299 0.10745293507002263 0.07280574228659961
1 0.8404388711735024 0.23740266355139844 0.11464900496239849 0.09709908849424433
1 0.90234375 0.2983271375464684 0.1921875 0.11338289962825279
1 0.7917594685684686 0.13237937238123895 0.04055653349844608 0.07884557910460449
1 0.8318772003715036 0.15851993627862662 0.03782963978475209 0.049073357794329