2 0.49921875 0.3416666666666667 0.9984375 0.6833333333333333
2 0.5856419776692058 0.6312700739107686 0.7787158130679506 0.26909446646281104
1 0.18569978970369902 0.5437647716227714 0.0387757096771284 0.10870502801569981
2 0.08870928143153141 0.53930005915677 0.17741856286306282 0.19362210390868217
1 0.6177780814743127 0.7461842373253618 0.07456766046291677 0.10352116714251104
1 0.462908644956548 0.7547285849678189 0.11711903349844607 0.11784639326722172
1 0.145415083955512 0.6802556577354311 0.022893844499481997 0.03911513782598159
1 0.6077652266357484 0.8004397875030291 0.11519266046291676 0.10394134373996892
1 0.5320203639393013 0.799834689574783 0.04502570967712849 0.10876967056915482
1 0.6799655583149489 0.8469024597221543 0.042915246071058635 0.028214115013599262
1 0.15983930293826537 0.7259273846851267 0.04349744292790545 0.050436337235821485
1 0.7136663161728316 0.9020944009145252 0.029216619106587773 0.04195755815721453