1 0.24046591831236128 0.4294117647058823 0.046476262917777865 0.09411764705882353
1 0.2991317502843404 0.3720588235294118 0.08706620174736121 0.21764705882352942
1 0.4258936188254515 0.325 0.09389677678548622 0.13823529411764707
1 0.4184616721120834 0.22941176470588234 0.04774782218833344 0.07058823529411765
1 0.38254170269729176 0.1676470588235294 0.039717116641250085 0.052941176470588235
1 0.20450827488562512 0.23823529411764705 0.05705008700597221 0.06470588235294118
1 0.22465516109416667 0.03529411764705882 0.03368532218833335 0.07058823529411765
1 0.39022952896968766 0.4102941176470588 0.10857621941479163 0.061764705882352944
1 0.22344468531420172 0.6955882352941176 0.06373649810013893 0.1
1 0.32160942838034756 0.6735294117647059 0.10141833605604171 0.11470588235294117
1 0.3474640667730906 0.7426470588235294 0.07420121941479171 0.061764705882352944
1 0.3504260658231601 0.7926470588235294 0.07405574905006951 0.05
1 0.3908698810776393 0.8411764705882353 0.030087543502986057 0.03235294117647059
1 0.14406500341847248 0.5941176470588235 0.04960126291777782 0.09411764705882353
1 0.6140664192622918 0.37941176470588234 0.08986258700597212 0.06470588235294118
1 0.6046907660519099 0.3161764705882353 0.029070557370694416 0.07647058823529412
1 0.6406646336430903 0.3191176470588235 0.03372168977951393 0.07352941176470588
1 0.6770385447372571 0.35441176470588237 0.044695557370694416 0.07647058823529412
1 0.7363583401401044 0.2867647058823529 0.08335932028847229 0.17058823529411765
1 0.798386214665139 0.31176470588235294 0.056687717514930826 0.16176470588235295
1 0.8163569242962849 0.5014705882352941 0.04716724715020852 0.15
1 0.7942266979476391 0.4176470588235294 0.027144381458888846 0.047058823529411764
1 0.6868142414506252 0.45 0.09480466014423605 0.08529411764705883
1 0.6860154608654169 0.5117647058823529 0.07278418977951376 0.07352941176470588
1 0.3605978867772225 0.5411764705882353 0.024892203647222288 0.11764705882352941
1 0.40227624050069466 0.5 0.06802395459715278 0.06764705882352941
1 0.4502597988213196 0.5264705882352941 0.04665810087368065 0.10882352941176471
1 0.4759514362641323 0.6455882352941177 0.04044446846486114 0.11176470588235295
1 0.42301088706156287 0.913235294117647 0.029179660144236053 0.08529411764705883
1 0.4680506301277087 0.8911764705882353 0.05606946846486114 0.11176470588235295
1 0.574972777354167 0.8823529411764706 0.13568423328249998 0.10588235294117647
1 0.5319468631258684 0.625 0.060720600873680655 0.10882352941176471
1 0.5285484529816322 0.5397058823529411 0.06184668977951393 0.07352941176470588
1 0.5869603650257293 0.525 0.025800087005972295 0.06470588235294118
1 0.5824371723964239 0.6014705882352941 0.03989895459715278 0.06764705882352941
1 0.7294576427611461 0.6132352941176471 0.06170121941479163 0.061764705882352944
1 0.6984992367009726 0.7 0.03535692496187508 0.07941176470588235
1 0.7376344718833336 0.7058823529411765 0.03811824905006951 0.05
1 0.7853264362641322 0.6455882352941177 0.04429551386770818 0.04411764705882353
1 0.13881249933440992 0.42205882352941176 0.056868249050069465 0.05
1 0.4073482130496184 0.7838235294117647 0.028815984232430657 0.05588235294117647
1 0.4043498464083684 0.7308823529411764 0.030269381458888845 0.047058823529411764
1 0.4768969936348267 0.7220588235294118 0.03179551386770836 0.04411764705882353
1 0.6257527209334031 0.7558823529411764 0.05592399810013902 0.1
1 0.5354913968452086 0.7852941176470588 0.04956489532659738 0.09117647058823529
1 0.5321475380877434 0.7044117647058824 0.04433188145888885 0.047058823529411764