1 0.6461012777165382 0.6755094168827985 0.0361283975406721 0.06073308551061339
1 0.6277239824388026 0.5624705568100994 0.0798783975406721 0.06345671098629276
1 0.6009342234618121 0.633762069571547 0.023592036104353474 0.04881284552193934
1 0.6853910366935286 0.6034397254140139 0.017332945745273776 0.04563824084793657
1 0.8808398920797231 0.5494979533068594 0.0251545361043533 0.04891011786035646
1 0.6391978136245 0.397444246541458 0.05952044574527395 0.04826459398519897
1 0.6471648497288536 0.34960412440368993 0.06264544574527378 0.04845913866203322
1 0.5782512232654204 0.4040233830600602 0.03608294574527395 0.046805508908941924
1 0.5749898678792261 0.4460006575419084 0.061064765027114734 0.04279083568294741
1 0.5062125968019873 0.4586371863932646 0.06258181323171641 0.02896053141969339
1 0.4720103136245 0.4078523867520903 0.04550339754067192 0.06131671954111599
1 0.4159421208060924 0.3556438845284216 0.0361102168225127 0.05516205486994487
1 0.33902509680198734 0.469045326603897 0.06894089754067192 0.06277580461737303
1 0.29493875351604143 0.5748330189319442 0.05019998789975162 0.06439405187670179
1 0.36524216315696184 0.5732412790235077 0.05020907825883114 0.06717956719703605
1 0.4153057956705192 0.5506299569518199 0.026707945745273777 0.04622187487843933
1 0.5386887535160414 0.5596585341388727 0.023582945745273774 0.04602733020160508
1 0.5058489824388026 0.570057799206635 0.04083407825883114 0.0665959331665333