1 0.7595949941940122 0.48277483989064973 0.04359688730530316 0.09163847472028173
1 0.706021364806268 0.41131491060648345 0.08139841567683312 0.2126202690898464
1 0.5837431995251463 0.33766670047432307 0.09106292069139794 0.13038710676242482
1 0.5976980509370721 0.24341216330230056 0.04635817445232178 0.06814328548387556
1 0.6367976548562804 0.19005176086004058 0.03983538981258565 0.05042778160374673
1 0.8085075188046185 0.29991711642175806 0.05559678213245363 0.059422423657010164
1 0.8032099165347628 0.08677593425693529 0.030915030878812644 0.07973687872472987
1 0.6135610801665319 0.4299715340148551 0.10702288981258548 0.05116356596219104
1 0.7585827604913483 0.7503876761858794 0.06082985141192587 0.09476787509651856
1 0.6631709720906885 0.7073223718722729 0.09851170783841638 0.10694325131846821
1 0.6332872437983008 0.7708742243766925 0.07430131802583091 0.056686582356220205
1 0.6262870860390266 0.8194720811979979 0.07255696159934022 0.04490476520971757
1 0.5827273026529317 0.8581779350797664 0.02857964106622681 0.029719767460580096
1 0.8442307554767833 0.667110726745316 0.046721887305303154 0.09167269724858144
1 0.393740325151967 0.3500398367155909 0.08992631802583091 0.05685769499771901
1 0.4071723393377319 0.28960882895533313 0.027744566772189748 0.07676147972584184
1 0.37132576755097724 0.28412003508960365 0.03234113855894431 0.07093046057711502
1 0.33261260853806174 0.31248043753186366 0.043324102665567035 0.07399141589675233
1 0.2791753714701855 0.2321969788359326 0.0791084899708702 0.1655443342962847
1 0.21651624709700612 0.24317554704898617 0.053972097651002124 0.15644702465812213
1 0.18476849043308854 0.4273156348475234 0.04446070533113407 0.14752082766145821
1 0.2125357892585896 0.3490835668863875 0.027289925705962937 0.047349715019959486
1 0.31711798917944733 0.40528149773274186 0.09336956677218974 0.07748015282013646
1 0.313819492940371 0.46707187051131965 0.0713581744523216 0.06841706571027344
1 0.6333219992085771 0.5664966821991099 0.022085600158284535 0.11492832878688947
1 0.5950096569678515 0.5183950520381507 0.06657974623907634 0.06248337897664756
1 0.5455863184880494 0.5321693509765186 0.04382420783841638 0.10634435707322291
1 0.5118047003830761 0.645755426009238 0.037619671945039276 0.10921708848721173
1 0.5465481102539214 0.9247394091113736 0.027880959092057723 0.08558500913760654
1 0.504079465426771 0.8928570276990245 0.053199207838416564 0.10644702465812222
1 0.39835230265293176 0.8601970642494507 0.13426735141192586 0.09557210451156245
1 0.4583985555559257 0.6139928234459379 0.05784124373179385 0.10355718197998338
1 0.46752951464798337 0.5286131494781298 0.0604206744523216 0.06829728686122444
1 0.41093017366089885 0.5012965341490117 0.02439224623907634 0.06202137484460095
1 0.40974810688870916 0.5777671223843057 0.03850021034569906 0.06511655269253805
1 0.2631913556350679 0.5587873459202758 0.06180131802583091 0.05654969224302135
1 0.2883217362764534 0.6511435132532575 0.03399456677218975 0.07682992478244142
1 0.24930470038307612 0.6486301183864159 0.038227425705962936 0.047469493869008644
1 0.2066458389420205 0.5785209984884946 0.0428239974927175 0.04163847472028174
1 0.8609301736608987 0.49636849007384953 0.055369461599340045 0.04471654130406899
1 0.5711365847853853 0.7994912957812005 0.02742631802583091 0.05617324443172419
1 0.5774236887045936 0.7464902298860877 0.02880696159934022 0.04442564981352127
1 0.5067163836108864 0.7222687924049067 0.03032399749271768 0.041501584607082725
1 0.35673911566419775 0.722440885528 0.05301735141192587 0.09468231877576912
1 0.44346622585161216 0.7714826547356074 0.048238923198680436 0.08874863204214307
1 0.45250625673042455 0.6919853337089757 0.04286946159934022 0.04457965119086998