1 0.18315205032760687 0.6365268039451224 0.047938668019063255 0.09318839847574342
1 0.39774065584749396 0.7181888094543553 0.05139095048646727 0.12146668607365689
1 0.4716418060096498 0.6757147786029207 0.03924550649282175 0.1515460239449141
1 0.24844976786020276 0.6624010742480957 0.05391593262955983 0.0699327670988004
1 0.2901463441590966 0.7031794029438703 0.0411431972400564 0.046021494641418845
1 0.3653645324706994 0.6817774958991127 0.024255706168510204 0.07124208656181537
1 0.20086565584749394 0.7250730407989564 0.016525026785361163 0.07801115629942622
1 0.2661360998411395 0.7532947289423053 0.031795470779006775 0.04804109194157543
1 0.33589522078230205 0.6640362515534686 0.050463650162155815 0.04165447950088694
1 0.4416270235422456 0.7049218910647881 0.027080697240056396 0.04552976383109034
1 0.516817938314898 0.6858674018604062 0.045830697240056395 0.046185404911528345
1 0.5097497321463879 0.7565084840984866 0.04009889448011279 0.09056779685185191
1 0.5787724675358912 0.7306302883997905 0.047139827109672794 0.15886146124955652
1 0.6271281469190402 0.7359788024631186 0.046812544642268604 0.13069244716504974
1 0.6635565706201463 0.6924686359321849 0.030232970779006864 0.04798645518487208
1 0.6815701850684872 0.7551932765418875 0.025872753246410873 0.07599155899926963
1 0.7079338620160042 0.6369481964158573 0.025409103084255057 0.03608545571288465
1 0.7522566063339612 0.5861225925802808 0.031795470779006865 0.04804109194157543
1 0.7638838530875504 0.6608028694186739 0.033276150162155814 0.041053475177152014
1 0.8021554204579905 0.7275120678719865 0.05273526217486477 0.10274198010735527
1 0.7659997321463878 0.7475480559991644 0.027435253246410874 0.07604619575597298
1 0.7164361087695933 0.7117377467676569 0.039635244317957154 0.05066169356546694