2 0.7448983677810302 0.29078759452952135 0.22900676483072288 0.24250769980654885
1 0.5461699762904825 0.37522227523279583 0.1696590359079618 0.24761770024734323
1 0.20109330474570544 0.5325464164584002 0.10194429508134392 0.10510360336500285
1 0.44189556674775793 0.4767870208382174 0.10550563231716552 0.22115807321213118
1 0.21411093433239653 0.6021168519752547 0.14414088544042353 0.10903701393408496
1 0.5010705788480064 0.5277907410857751 0.03310339149054773 0.07847531503735904
1 0.3125120728960781 0.608236800582984 0.06600679508134392 0.10381053345636074
1 0.5486313800776704 0.5514383367866337 0.07391019867214013 0.12824622498239416
1 0.14035072658507008 0.6905080044938806 0.036219301131468117 0.07617229696178207
1 0.6604683047457055 0.5160176098001065 0.10204428903121965 0.1316736516741816
1 0.6001620638208918 0.5580371688500797 0.047111349336070064 0.06448854529146546
1 0.5070796843323965 0.5915755211982817 0.0361283975406721 0.0520177075898014
1 0.3770785669441497 0.6795751502888884 0.06435339149054772 0.07959972365356978
1 0.6938302505891751 0.576403073436231 0.0314227168225127 0.04701812842297375
1 0.6163637807416004 0.6117946804135258 0.13313975292686636 0.09173525835802492
2 0.6134216296848869 0.16556733888437988 0.7044067406302261 0.33113467776875977