1 0.5167335659797656 0.46107022079961535 0.0288740228654909 0.11195617193911041
1 0.3135415893934105 0.5606258463124973 0.03643355172143128 0.14971083992388792
1 0.6011507167980723 0.5457861190127293 0.06784724282842376 0.15567167984777566
1 0.3606323550025071 0.6195578359323741 0.07456846878180681 0.12474001482874755
1 0.8092881098118305 0.5950354080245838 0.05047620435383635 0.1050350098858317
1 0.6668550731513416 0.6078603546782734 0.07416667549789598 0.0685536818249421
1 0.41976925282558886 0.6686373230807928 0.06017858656782167 0.11479201186299814
1 0.7060043639881817 0.7154845122829275 0.0741666754978958 0.0685536818249421
1 0.6043128892159253 0.7679967000393686 0.14170140507947587 0.12591519566510634
1 0.9458729066391204 0.7720223778727969 0.05645836424263564 0.2316611768820261
1 0.7017111896714121 0.8607651787848305 0.13872024881887376 0.08522652866891178
1 0.788591141578178 0.91963616000175 0.20363592068857256 0.06758804250907673
2 0.7908804272271764 0.20418218673067684 0.41198914554564714 0.4083643734613537
1 0.36245283766412995 0.2770029214076376 0.050476204353836526 0.1050350098858317
1 0.40721970064082147 0.29078157851800024 0.0398512176006804 0.2028995069200822
1 0.45915422287333996 0.30036748414548814 0.0776587524470708 0.16855368182494201
1 0.29926086770119686 0.3217052677573161 0.0464087524470707 0.16728034190105417