2 0.7434046029947714 0.6340847239696483 0.11502926959604132 0.1444990228654907
2 0.4212257261143096 0.6617583785009701 0.12228680628084146 0.44756945916315993
1 0.91640625 0.6421875 0.1640625 0.15625
1 0.5538767532321983 0.7322023093563436 0.0579729390337981 0.22211310217691818
2 0.6363997482176333 0.7731149968351391 0.12271270361527442 0.4085615228654909
2 0.20659623944214472 0.8647643605296207 0.33816524122451136 0.08829369600113424
1 0.8790933650689654 0.8358059366761873 0.09431961599340219 0.23743056733052798
2 0.7935195779219468 0.8513069403043844 0.061495092636437224 0.1285813569862416
2 0.978125 0.871875 0.040625 0.165625
1 0.7388380896004293 0.9071774835882952 0.030079956584775403 0.06816964664195524
2 0.5423268024534107 0.9265525100819829 0.10157452335696497 0.11125001324684405
1 0.7629719230656665 0.9571675599044978 0.03179556927947225 0.01984127404661713
1 0.3959048480467135 0.22156988811961692 0.08307589060400841 0.33381449400955016
2 0.74609375 0.28828125 0.5046875 0.5765625
2 0.4776609648980455 0.29884297740858634 0.10688442979609096 0.5976859548171727
2 0.18173836262818988 0.41484375 0.3629311559769076 0.8296875