1 0.5744162762436003 0.5511507167980721 0.26528060811666876 0.21859626569391466
1 0.40215545686356363 0.6251487559056318 0.13668290944452863 0.13287204210278442
1 0.8144600141433518 0.5771501884902859 0.0506181444174139 0.10799603847458741
2 0.15300995061704772 0.7807539482785687 0.243097577669656 0.4334028101589517
1 0.6365855198988885 0.7607414824071688 0.21401808996629618 0.2683581635169965
1 0.751370182564871 0.746574800285851 0.08266809601642038 0.24658731252120453
2 0.2987815137505684 0.8545857739617991 0.09485902380771334 0.19389882213985138
1 0.5361724294416129 0.827542091207509 0.055587445548882286 0.15659722958158007
1 0.8844099415418615 0.7809993855877282 0.21175563231716552 0.14799109981466554
2 0.7014266654946528 0.09907362854337906 0.44652151775758925 0.19814725708675812
1 0.465303854895215 0.3314781122589012 0.12586358411256385 0.15280259618646844
2 0.12749984874689485 0.4253224038135316 0.22516466822512737 0.3046776094333124