1 0.4860960893276863 0.49253904146710664 0.0443022717116218 0.11272725897699036
1 0.7025601513621795 0.5453469206610142 0.05542386228216234 0.15028180113146802
1 0.4221492133966729 0.5952640656676035 0.08867300992479751 0.15984769867214013
1 0.6690798713783902 0.6146645472226433 0.09041529238978611 0.13017837939029936
1 0.23134873903723605 0.6910027707826514 0.06439644789030412 0.10815793364502539
1 0.3710276691448599 0.6715084030998169 0.08310790653397522 0.07390110831306043
1 0.6219544683590715 0.6760924057320955 0.07577059553293922 0.11759656615858276
1 0.3553192400706934 0.787010683252242 0.0831079065339753 0.07390110831306043
1 0.4644780703021517 0.8165441680287356 0.1562586162111037 0.13524767447164338
1 0.1328513887467858 0.8903755360061577 0.0898031703877142 0.21765110831306062
1 0.3893218666208793 0.9301385145361355 0.1466267510334573 0.09613972267624504
1 0.31640625 0.98125 0.2109375 0.034375
2 0.20012639433286625 0.2721845930895541 0.3976329028099216 0.4881191861791082
1 0.5985638943328663 0.27450263465485664 0.06439644789030403 0.10815793364502549
1 0.5575044007430071 0.298475944959707 0.06720042431665547 0.20189884328594587
1 0.509304495242489 0.3200645986486991 0.09863020678164425 0.1724022408266178
1 0.6679517491714305 0.30536681527482 0.06716188296032684 0.1675329336450254