2 0.45095342532622756 0.06285398385118093 0.1762181493475449 0.10876067021222238
1 0.4778393579328667 0.5057870194703823 0.0726760733609078 0.20476154160312507
1 0.40491947859645777 0.5267521764804864 0.0643181333545444 0.15770470364722228
2 0.7427371045910489 0.5744695099710769 0.09673064401654478 0.1240934230620141
1 0.6478513185869128 0.6027380207046533 0.06675224267981754 0.09840243882958326
2 0.07781591732972744 0.17916212955902783 0.15563183465945488 0.2520742591180557
2 0.2732909546467282 0.15327569604777802 0.2279999200349984 0.2630494331300002
2 0.7407693559834553 0.1391496058107645 0.4309612880330894 0.25371471998347256
1 0.46418812730745573 0.20148072596739622 0.163064716024817 0.18655836189159736
1 0.41413248862191115 0.33941583064079894 0.07305678668045398 0.10323540919430566
2 0.2418302272835932 0.37213414561093766 0.2806885680299077 0.22678593123013915
2 0.791158065284866 0.3755423539109034 0.40997717337681616 0.3297680737069449