2 0.877243205323046 0.1127906976744186 0.21738858935390795 0.2255813953488372
2 0.6887346886537278 0.14186046511627906 0.17253062269254435 0.2837209302325581
2 0.7925125746340015 0.3581395348837209 0.26735222668681724 0.22093023255813954
2 0.5391977653166826 0.18255813953488373 0.14936584269572606 0.3186046511627907
2 0.5693017939608656 0.4290697674418605 0.1765817760184536 0.20232558139534884
2 0.1499352706476827 0.20813953488372092 0.1309976507001803 0.3674418604651163
2 0.26636879264800084 0.20465116279069767 0.12641923870145294 0.3813953488372093
2 0.3678040233131828 0.22093023255813954 0.09698627737108918 0.413953488372093
2 0.3757785132877294 0.5 0.08552042401336299 0.14651162790697675
2 0.2614802032940927 0.43023255813953487 0.1255090773392725 0.06511627906976744
2 0.38317229527373003 0.6534883720930232 0.07897952267663592 0.10930232558139535
2 0.796854081954184 0.5023255813953489 0.16157384667409042 0.08139534883720931
2 0.6010052326145934 0.5709302325581396 0.10532384667409059 0.08139534883720931