2 0.0958391768617361 0.17272549884793134 0.1916783537234722 0.29006302099572606
2 0.2629337982526388 0.16596410972477338 0.16860844889756965 0.29633827527444584
2 0.42021962139090274 0.14557972903442942 0.1544732137152085 0.29115945806885885
2 0.5414406579600346 0.14194118521917226 0.1077436840799308 0.2838823704383445
2 0.6329196431423958 0.1361059764564288 0.1122857137152085 0.2722119529128576
2 0.8341912024129513 0.15345173079607557 0.30974259517409736 0.30690346159215115
2 0.4702345391345831 0.39410328317031224 0.21457425911805572 0.23915054618062934
2 0.7830793780404164 0.41396370252052805 0.4046186840799308 0.30716938462996196
2 0.4989381545415622 0.607052281228657 0.2031639804327085 0.20849123437105568
2 0.3644709291428468 0.7168272357120647 0.09971167211208343 0.1847715280970784
2 0.2962826671749995 0.8330464886547031 0.058104747150208344 0.12062706153601827