2 0.8515625 0.18857758620689655 0.29375 0.3599137931034483
2 0.978125 0.46336206896551724 0.040625 0.1724137931034483
2 0.2057713395630465 0.10615585749013835 0.160014895460829 0.14996073918339556
2 0.15221981986241667 0.7984732901272106 0.27399309382421577 0.39436037335786955
2 0.4547198264858386 0.8687748682276608 0.1909226442797028 0.26010022396054483
2 0.6130779303920374 0.5522222795959081 0.13614088584218215 0.13253128347830007
2 0.41274308057737186 0.25972550808372497 0.13427085099579195 0.18207517214290797
2 0.1300769135169964 0.2940877147417241 0.11801093393541642 0.2185751804879068
2 0.7414212183184705 0.901241814036723 0.21942461179556502 0.09010491022354056
2 0.6401091340280837 0.07732022301244668 0.1330704495445131 0.1346613790394597
2 0.09571681560124741 0.5103628124568548 0.16880954210278448 0.1888165347632551
2 0.5010838726801563 0.44789631389166923 0.08496033175849824 0.14720372230640016