2 0.7416171365599723 0.7239583333333334 0.12736608656782167 0.15
2 0.7465824003549705 0.5854166666666667 0.14935021397248338 0.15416666666666667
2 0.6382838054344464 0.7458333333333333 0.07569445916315978 0.14583333333333334
2 0.5522644598809501 0.7427083333333333 0.09449902286549072 0.14791666666666667
2 0.5795040277596322 0.5895833333333333 0.113903787293461 0.17291666666666666
2 0.7485764315731638 0.42291666666666666 0.1484424784004535 0.17916666666666667
2 0.8359375 0.18645833333333334 0.325 0.34791666666666665
2 0.6024231394703794 0.24166666666666667 0.1486260168750409 0.24583333333333332
2 0.5503745114327454 0.07395833333333333 0.21917164065150557 0.13541666666666666
2 0.10845982994439966 0.084375 0.18254465988879934 0.16875
2 0.45814983901489226 0.37083333333333335 0.14313990870767307 0.275
2 0.23259676750801317 0.409375 0.24559029691210785 0.18958333333333333
2 0.351195456167935 0.19479166666666667 0.13201887023308556 0.20833333333333334
2 0.376173185834333 0.7010416666666667 0.11495536660488845 0.09375
2 0.2780159388295579 0.6520833333333333 0.06056053248413758 0.16458333333333333