2 0.26423313329912423 0.7764131572442028 0.0535795179539809 0.11997482108261064
2 0.22150527781473411 0.7121774671817106 0.08184087334017516 0.1565012834550656
2 0.16243935002344112 0.6295758505392082 0.09287836729005097 0.18286288156722924
2 0.10480411202549367 0.5811603445513843 0.09784766842151908 0.2560094488253835
2 0.047728451991789815 0.5032988420597506 0.09545690398357963 0.2724800370606776
2 0.7770245456705192 0.5211879260632946 0.10849427693097127 0.18119457634931196
2 0.6952160094679698 0.4599465284573603 0.11500789734428025 0.24970372485038028
2 0.6125989521881816 0.40572972258291 0.11188289734428025 0.2495667976586698
2 0.5362909822424109 0.3364926534448223 0.12760789129415606 0.2761337865583996
2 0.4365409671171003 0.26740510095713993 0.13707379488495236 0.30007397989823736
2 0.33135401824856847 0.18984263176631677 0.15291696350286302 0.3572292040920848
2 0.22282390076212583 0.16861382361907712 0.13872719847574838 0.32367185525879866
2 0.10570912363476274 0.14465552451816255 0.1635817527304745 0.2871202139689545