2 0.09727553668045391 0.17858146319964902 0.17892607336090782 0.35638493099185103
2 0.08402320070813446 0.5267339490756245 0.1636101560311804 0.4010614810389496
2 0.2592033720162265 0.21738237876832922 0.18715674403245303 0.4182712548987831
2 0.24745899204327074 0.5575912738107179 0.19420562802354438 0.30636078736186495
2 0.4374010973504083 0.23694671357899982 0.19980219470081656 0.4402840255562915
2 0.4399101213796797 0.6059306707982512 0.2118112986950896 0.368713908513265
2 0.6187510946849082 0.2606773426583256 0.2170078760343621 0.44381361729592694
2 0.7962766580203627 0.296245558447287 0.1733124200349984 0.449656620529407
2 0.9328125 0.33689839572192515 0.13125 0.47058823529411764
2 0.5989038607176795 0.6726508535956024 0.14022720003181668 0.4079158783021106
2 0.7885385253819068 0.6513548346944786 0.14731244668999893 0.3013530043480802
2 0.9274015780553612 0.7438015913765873 0.13986357336090763 0.35443994247323357
2 0.9046875 0.9491978609625669 0.146875 0.09090909090909091