2 0.159375 0.1736854238881282 0.196875 0.22607922582882642
2 0.34140625 0.11144050770806545 0.2015625 0.2193368440804828
2 0.521875 0.08224133251259856 0.190625 0.16448266502519712
2 0.6890625 0.051882802264363294 0.178125 0.10376560452872659
2 0.16796875 0.3388242348712026 0.2046875 0.1940085895815871
2 0.35859375 0.3063014630075476 0.184375 0.2394292808614464
2 0.52421875 0.24823598848606 0.1890625 0.2512054176316213
2 0.68515625 0.19268739147548788 0.1734375 0.2412726160520261
2 0.81171875 0.1675557727548402 0.128125 0.234689713693422
2 0.846875 0.0159729747912086 0.16875 0.0319459495824172
2 0.24921875 0.44411811110175164 0.090625 0.13122136027276363
2 0.3828125 0.47655376870732313 0.165625 0.18075065970667284
2 0.5609375 0.4318383492184555 0.2015625 0.2100775848212235
2 0.7328125 0.3735034577688334 0.1546875 0.17564955045280803
2 0.403125 0.61688186739459 0.1640625 0.20383145362278746
2 0.56796875 0.5924148848039339 0.171875 0.1925941507088814
2 0.596875 0.7624651278076087 0.18125 0.253183461286268
2 0.728125 0.5091221871316008 0.1734375 0.15793928271869284