2 0.19706946347211085 0.7863754954718911 0.10909435633066603 0.21286980577753978
2 0.2737586485373027 0.6924309247002599 0.0707136948044245 0.31535411373006017
2 0.32339045576147313 0.6403108395808631 0.07411143019392785 0.3584374203759098
2 0.38332851744987034 0.6128268856758622 0.082169392044481 0.39776961861446564
2 0.4450881777582959 0.6261153543245556 0.06753414772652384 0.30645884127224454
2 0.5107268145277711 0.6355656485882532 0.07981595941492117 0.27366386272743803
2 0.5809302203719697 0.626307569487392 0.06731595941492116 0.27227080708421036
2 0.6430211172877145 0.5691702836009664 0.08488528896022593 0.3340153184227084
2 0.7143370097392326 0.4895735159426881 0.09017280681713338 0.4285548083060128
2 0.7828279111192045 0.45663703138214984 0.09009098620028233 0.41573429548549995
2 0.8474398360381266 0.4275387212066073 0.08833757142762977 0.38564563361556653
2 0.9160943786518004 0.4202432622870948 0.07567393019392768 0.3586115523313133
2 0.965625 0.3974358974358974 0.065625 0.38461538461538464