2 0.5092723292420951 0.7017726832785949 0.053290136051661816 0.10369897081352458
2 0.49182876497718786 0.593776579382675 0.10419941818411545 0.15896392263530673
2 0.4747572737526765 0.461610388208433 0.12023359514371953 0.18362669319789326
2 0.45929374663478767 0.33217929129475054 0.13402331050398358 0.1679199608977695
2 0.44157739773014437 0.2080541551407662 0.15777905925034225 0.18744099846207943
2 0.41714804757185986 0.10253507330888678 0.18728470282385157 0.17757983242346684
2 0.40353079460235897 0.6824764013359748 0.1250574874635877 0.1918319759795725
2 0.3480189290046682 0.5397520136812453 0.17988137978345567 0.2015387697228188
2 0.2975810083132702 0.420017855044754 0.1986768438900784 0.20479000837641725
2 0.25624530298213616 0.28443619745549203 0.21898934389007838 0.20539999720455385
2 0.12740123746358767 0.19190235930589597 0.2515290592503423 0.19025633151501778