2 0.4278099975529293 0.26904770589293026 0.240466287293461 0.20528613068198584
2 0.8016269211519086 0.7390256344858837 0.07293155771188112 0.11528240610960142
2 0.7327430010963083 0.6411444832954777 0.07981647477225647 0.07615357784787744
2 0.6558828899337155 0.5498340208319119 0.12211310217691818 0.08299744011828966
2 0.5614359746874384 0.4413105610447297 0.2094146947351895 0.1456035850532807
2 0.5754563238691318 0.31048368985040936 0.06804565027015244 0.17309709662595738
2 0.35838292967424723 0.09430055201825081 0.07385914065150559 0.15481728983053172
2 0.5043501278679978 0.807397668360441 0.059613102176918176 0.07974899644463866
2 0.4470659067239384 0.7485382989280212 0.10703373920022674 0.10544114315336528
2 0.3719493448357061 0.6829310484510545 0.13425100362819703 0.13472870845885312
2 0.18903020663127118 0.5779586968585613 0.3205158858421822 0.1583463167600576
2 0.1603286036321217 0.45977116643284943 0.3206572072642434 0.14961246882155116