2 0.84921875 0.2336448598130841 0.2984375 0.4672897196261682
2 0.85546875 0.5700934579439252 0.2859375 0.21962616822429906
2 0.6038926386770835 0.3483331792515888 0.22653527735416717 0.6966663585031776
2 0.3883585576550349 0.3529781114399905 0.24532164494534764 0.7053099870832787
2 0.13968466831236132 0.3399524921407894 0.2758079255305559 0.6565164277286505
2 0.22444610049243097 0.7154342668944033 0.1187876740119445 0.1038232178407047
2 0.40375239399541707 0.7395787960688089 0.15890352773541672 0.07146635703482816
2 0.5074781124602783 0.8274734973477399 0.12511040919430555 0.10855048727819022
2 0.6100023939954171 0.7377845121084208 0.21856946846486114 0.0906744821115019
2 0.769304658813056 0.7317251227609501 0.08542966014423606 0.06849103460231679
2 0.6635644582999658 0.815600172625554 0.10421602773541672 0.07099059992411941