2 0.18163174788842895 0.4849248817815752 0.10990384890464333 0.20172820290618382
2 0.26727373119538156 0.4612497902048742 0.07041545157021041 0.30662635808509975
2 0.3210663209288248 0.45313953268360707 0.07399509263643722 0.34951058940927265
2 0.3822311414619382 0.4774162315391648 0.08226223370266394 0.39261860361714046
2 0.44068013895465574 0.5400052802671308 0.06724498746358769 0.30220366522246545
2 0.5030581185006847 0.6049175668682615 0.07938127461060632 0.2686123853909516
2 0.5715269736735341 0.6551709656903874 0.0683983105039836 0.26381672105549214
2 0.6386462775136001 0.6519682639464275 0.08314277210332363 0.3285906338091415
2 0.7165894210871094 0.6386039615806619 0.09034751834239999 0.4186326007309913
2 0.7871292416202228 0.6633282262036098 0.08864862602253201 0.4057374936159133
2 0.8522230442066476 0.6899281629323322 0.08676787727617352 0.37574836940681855
2 0.919910649379497 0.7401442646071754 0.07555759263643722 0.3495851837038377
2 0.96796875 0.7606837606837606 0.0609375 0.37606837606837606