2 0.07253106849627385 0.6862588182350741 0.08197722872636941 0.1678582227723389
2 0.1450100564942213 0.6474863296856179 0.10260789129415607 0.24094311041563116
2 0.22538790290342509 0.6286044538428859 0.1121919695529872 0.2888782357051939
2 0.30348563182618626 0.6241910788354397 0.1174248910977643 0.4134682049889795
2 0.40547940300162094 0.5466875658744401 0.1748828670936593 0.3338952535415604
2 0.46899752321853827 0.780501264208732 0.25718630698520073 0.21963201379300343
2 0.5705095053627531 0.5930392450236661 0.18371244554888227 0.209631208706642
2 0.3497646924256242 0.31098024788172723 0.20403403590796182 0.21217667726279724
2 0.5403078791939077 0.296726135685135 0.2363566982793568 0.457714231824134
2 0.6990283733401752 0.15104235274463332 0.1853749394987579 0.2324889992977794
2 0.8709397347764936 0.1633246289730647 0.19618517447164335 0.20369685293781575